county	$mu_d$	$hat(sigma_d)$	$r_d$	$mu_s$	$hat(sigma_s)$	$r_s$	ratio	$pval_{mu}$	$pval_{sigma}$
adair	158.6134648	21.1975568	5.196894134	158.5986367	20.616534	5.483309793	1.055112852	0.996004007	0.753260428
adams	156.4122425	21.35419015	1.771650603	161.5611289	20.35928937	1.24122433	0.70060334	0.082516734	0.399909981
allamakee	165.104495	23.26130045	2.960558367	165.2975948	19.38338808	2.24944395	0.759803953	0.949216616	0.094004908
appanoose	159.6445158	31.58879107	0.541019421	156.6640843	24.54053422	0.217543169	0.402098632	0.457156559	0.007680804
audubon	158.5952879	23.20839261	2.141144045	160.2400242	25.14611942	2.150242565	1.004249373	0.631301755	0.461468048
benton	164.1350142	22.88022897	1.744118341	161.5234051	22.13173013	1.887407237	1.082155489	0.412965498	0.582214262
black hawk	166.939527	20.18032046	1.074979336	164.5816492	19.60681586	1.221904753	1.136677433	0.403037148	0.81368916
boone	166.654931	18.87148562	1.272814045	167.2530444	18.00901671	1.148102668	0.90201917	0.818881588	0.446840179
bremer	166.2359115	20.0675257	1.157690035	164.4990874	18.43674122	1.20384037	1.039864155	0.524643384	0.533102312
buchanan	167.3390705	21.98303149	0.769000053	165.7780182	20.05165439	0.79047868	1.027930592	0.600420853	0.487244583
buena vista	162.0264537	20.30059331	1.114447098	163.4397325	23.00026849	1.078536284	0.967777014	0.645538172	0.538420686
butler	167.9829902	19.14450725	0.708292672	166.6134633	18.1321623	0.729336796	1.029711057	0.604074973	0.560906675
calhoun	159.4518602	20.7420829	1.034173511	163.2673704	22.04727283	0.87933587	0.850278856	0.208991466	0.651389341
carroll	159.1585223	21.8532698	1.009583625	161.9846825	23.5195757	0.901242169	0.892686991	0.379778101	0.516219331
cass	157.8418165	19.83344169	0.606924969	160.2008711	20.45114691	0.53482555	0.881205383	0.408633151	0.915820368
cedar	162.2198634	28.25201478	1.17190554	164.4098429	24.32005503	0.985975779	0.841344072	0.557569541	0.10886516
cerro gordo	166.0423217	18.40644269	0.326088625	167.3160992	17.8269122	0.276467413	0.847829062	0.619670036	0.677322629
cherokee	158.0950692	23.28193453	1.082321431	158.9974261	23.16691655	1.014163431	0.937026102	0.7838048	0.882060621
chickasaw	164.7594622	21.16816369	0.424872773	164.4149519	18.76852276	0.385852838	0.908160896	0.903201504	0.63324413
clarke	158.9956319	27.1929431	0.037267961	157.1243647	23.37550808	0.036052425	0.967383886	0.602378305	0.270644921
clay	159.0131231	22.03101043	0.808588372	162.5887909	22.81259747	0.633898756	0.783957299	0.260909176	0.784452107
clayton	164.7889556	23.16926636	0.54933045	165.7729987	20.83725859	0.465223682	0.846892215	0.752495646	0.318938753
clinton	161.7831017	28.52787152	0.62040136	164.6128419	25.58684779	0.498489908	0.803495834	0.461141537	0.318296793
crawford	157.6516058	22.7891481	0.611244086	158.6953121	25.04646286	0.569318334	0.931409149	0.758242798	0.855413034
dallas	165.0228272	19.66329051	0.2509421	164.6046635	20.08397678	0.261170455	1.04075982	0.881882709	0.962442801
davis	167.0516032	33.91379078	0.054278941	162.9196145	25.75690465	0.020957477	0.386106966	0.333180662	0.011804116
decatur	159.4707686	27.61462131	0.077606485	159.3115554	23.25799762	0.05442046	0.701235979	0.964871655	0.044137877
delaware	166.2336695	25.18163076	0.399283698	164.9475562	21.04578893	0.338132038	0.84684659	0.695574767	0.074270271
des moines	167.1080001	35.17956265	0.366629479	166.0986345	30.58558973	0.31819321	0.867887684	0.828804754	0.269854417
dickinson	159.8695439	22.90669047	0.481469163	163.9281291	22.45733813	0.370656397	0.76984452	0.20728969	0.61368219
dubuque	165.4430134	25.42066045	0.447243514	165.8367008	22.24038169	0.371825509	0.831371495	0.90733136	0.072029196
emmet	161.0547935	20.78101757	0.473519789	163.847124	21.13179924	0.391466001	0.826715187	0.347264604	0.866481855
fayette	165.8356866	22.83921989	0.278744758	165.1842524	19.4023627	0.210798555	0.756242223	0.82814461	0.112496166
floyd	167.3065752	19.9655545	0.184942144	167.0676118	17.9544883	0.158640818	0.857786197	0.929176519	0.47406969
franklin	167.7514807	18.49289139	0.235264542	167.3414615	17.44813051	0.236351566	1.004620434	0.872048142	0.792389753
fremont	156.4833184	21.93676812	0.205229346	160.8876998	24.01876619	0.176273358	0.858909124	0.177294151	0.536011283
greene	161.7726402	21.57017085	0.340064347	163.4553155	22.03560942	0.29817539	0.876820499	0.58589313	0.881699571
grundy	168.7483298	18.79305445	0.294115959	167.8126247	18.59255229	0.311625365	1.059532323	0.723752171	0.834302139
guthrie	158.6392571	21.5641822	0.141193517	159.1315891	21.13463231	0.149166738	1.056470165	0.87064117	0.779861804
hamilton	166.7277486	18.38332897	0.194981178	168.3316297	17.72064754	0.17199017	0.882086017	0.530634655	0.84569771
hancock	163.8627337	17.79942087	0.245087769	165.2550841	19.30025374	0.222355168	0.907247099	0.596487903	0.892857101
hardin	167.5511452	18.90703324	0.254197058	166.8384236	18.25176141	0.266377233	1.047916268	0.786512386	0.814396745
harrison	155.9888495	22.38816421	0.247570016	157.0922927	24.19205538	0.254173975	1.026675116	0.73816003	0.426164563
henry	166.1351335	36.18635058	0.216654368	166.1764781	30.34199255	0.138803725	0.640668943	0.993023667	0.053820843
howard	162.8037392	20.78627163	0.198432553	164.0273995	19.95369184	0.186595828	0.940348879	0.671529875	0.920834965
humboldt	163.7169941	18.13687258	0.274210099	166.5568832	18.84018949	0.218198428	0.795734474	0.27882821	0.790654129
ida	159.7704548	21.99700259	0.343797342	158.7695614	25.13165056	0.37480435	1.090189783	0.764740331	0.304647994
iowa	162.7687038	25.42576384	0.245844339	160.8546219	20.41671031	0.203520291	0.827842087	0.557910694	0.013062815
jackson	163.7260925	29.23051708	0.175047085	164.9039296	24.56882043	0.112513504	0.642761372	0.758066127	0.04067557
jasper	166.1696826	20.74646595	0.225029996	162.2912497	18.52146982	0.24033143	1.067997311	0.164731188	0.1531524
jefferson	167.5193254	33.69431237	0.083588652	163.2203596	27.51987808	0.050087264	0.599211287	0.324326638	0.053357435
johnson	163.6318136	26.51642661	0.173362651	163.5687207	25.0103791	0.136903336	0.789693367	0.986207436	0.281172633
jones	165.6509463	29.02679298	0.20972309	165.0271575	24.46421031	0.177798628	0.847778028	0.869649505	0.087966996
keokuk	167.3537517	29.57506485	0.097546145	164.8345983	23.62492237	0.064913311	0.665462596	0.506532724	0.055180768
kossuth	164.3808615	18.42483692	0.270754426	166.0515174	18.43641284	0.221703805	0.818837231	0.522288867	0.371944982
lee	167.5968566	36.6371249	0.113310241	164.7560147	31.44935759	0.077380637	0.682909474	0.556975655	0.186072507
linn	162.3374146	24.71356544	0.190572559	161.81915	22.26874092	0.177634708	0.932110631	0.876357437	0.391796652
louisa	167.9265055	30.63322942	0.145885617	167.7384069	29.95076627	0.131570073	0.901871447	0.965024322	0.68584868
lucas	161.5336457	28.24917575	0.015445035	157.7006366	23.51570669	0.014194251	0.919017108	0.298342656	0.035145436
lyon	155.1433836	23.71663496	0.393033485	160.1631444	23.57676314	0.309377215	0.787152308	0.134935269	0.6536315
madison	158.0436918	22.50691292	0.069572926	159.1349755	21.2972065	0.068056533	0.978204272	0.725074432	0.667379393
mahaska	167.2610647	26.81693328	0.129387491	165.8450988	21.37374607	0.09152014	0.707333754	0.680143981	0.042174039
marion	161.1969301	24.98169123	0.075242111	157.6873603	20.95460609	0.058668055	0.779723669	0.28312352	0.049194355
marshall	168.4198806	18.97271979	0.181782962	165.6992536	18.66885011	0.197774469	1.087970329	0.307971378	0.520283602
mills	154.7805849	22.77599331	0.151792935	159.3411233	23.88881734	0.121783651	0.80230118	0.168620081	0.822247434
mitchell	164.7889693	20.0206817	0.145743474	165.5198191	19.5904928	0.133144458	0.913553477	0.794429002	0.792214122
monona	156.8720961	22.02567218	0.102981808	158.8421924	25.92504941	0.112361178	1.091077932	0.563176924	0.584797151
monroe	161.2212523	30.64521966	0.02824458	156.8575589	23.73211429	0.02211131	0.78285143	0.261688823	0.011277603
montgomery	156.6311647	21.79927533	0.114463885	160.0548954	21.69234967	0.087498051	0.76441623	0.266934363	0.983020279
muscatine	161.231387	26.44242484	0.141989658	163.7267895	24.90400818	0.117524483	0.827697485	0.492895674	0.622972957
o brien	157.4313614	23.92321712	0.319809291	161.0542339	23.06422131	0.261662789	0.818183827	0.276943487	0.661810859
osceola	156.6845457	23.94805958	0.305445287	160.7845299	23.23725993	0.246189127	0.806000739	0.220649123	0.502999056
page	155.2263047	22.53077886	0.065579594	160.2123441	22.71629209	0.05071524	0.773338727	0.120737489	0.854909641
palo alto	159.0359205	21.00588421	0.228259663	163.0285459	22.98490735	0.189916723	0.832020521	0.201266212	0.679918938
plymouth	158.0263732	23.14920637	0.158864298	160.5140435	24.2531189	0.148017722	0.931724271	0.45898242	0.668626477
pocahontas	161.3121097	18.90262329	0.204398788	162.5688308	20.93217739	0.196460186	0.961161205	0.65639056	0.518440689
polk	164.9314853	20.48867026	0.090396372	164.0433233	18.75427534	0.075811394	0.83865527	0.749491319	0.267750044
pottawattamie	155.5039349	21.03274417	0.163613435	158.834632	21.6918903	0.139133717	0.850380761	0.271648266	0.829421257
poweshiek	166.942607	22.00680802	0.141218822	164.3885471	18.38421096	0.124113385	0.878872822	0.374216236	0.017770201
ringgold	154.8267405	25.03116322	0.011079462	157.8484427	21.5034605	0.006793139	0.613128959	0.360971269	0.122344214
sac	158.709857	21.69515795	0.161881668	160.1194945	23.97993103	0.165726803	1.023752745	0.663379041	0.244495297
scott	164.5353215	27.62310877	0.16142477	165.066529	26.48789859	0.144891457	0.897578836	0.889747336	0.473579592
shelby	158.4912843	22.39178074	0.154843844	159.362918	25.32031285	0.165790797	1.070696727	0.796777607	0.230247588
sioux	155.7163728	23.51353735	0.263602684	160.5556974	23.53133151	0.213421318	0.809632569	0.147322799	0.820580456
story	167.2429913	18.55402475	0.103783619	165.5885977	17.20316008	0.093970539	0.905446733	0.513968814	0.160172684
tama	168.0606684	19.8130619	0.098917606	165.6189372	18.91475445	0.102501096	1.036227021	0.373798433	0.367261028
taylor	154.863017	22.32510035	0.019427302	159.0446482	19.92871386	0.01202178	0.618808508	0.163899617	0.269997482
union	156.4255084	25.43472906	0.035653181	158.1056543	20.07072968	0.015090829	0.423267412	0.604675389	0.010461226
van buren	165.2011334	35.05568004	0.046968632	161.6292245	27.7466538	0.023666239	0.503873286	0.425328715	0.008565983
wapello	166.7541472	33.08328163	0.037515407	163.858726	26.8282165	0.024361546	0.649374433	0.49747753	0.044882603
warren	160.4499919	24.10521355	0.027070008	158.6079767	20.13355572	0.023228876	0.858103771	0.558234259	0.046818092
washington	167.1552543	30.72316047	0.105924613	165.0155938	27.84805755	0.096927354	0.915059782	0.606432915	0.187142159
wayne	160.7305348	30.87006292	0.015269963	156.6477584	22.96405889	0.008058455	0.527732445	0.290018135	0.00101533
webster	166.4064983	18.48485633	0.119199546	168.7539694	18.53248149	0.095392831	0.800278477	0.370899217	0.59240169
winnebago	164.1645454	16.89807787	0.131753157	165.7903789	17.34394611	0.107187709	0.813549449	0.50273558	0.601880401
winneshiek	163.1943492	23.30002584	0.128005496	166.602838	19.32449199	0.081863632	0.639532166	0.261576972	0.033298414
woodbury	159.7410098	21.84159219	0.083565472	158.7948234	25.97989229	0.110329095	1.320271301	0.780719594	0.111695464
worth	167.1377088	19.18485143	0.083580857	167.4628796	19.39415024	0.081049107	0.969708982	0.905239314	0.931610787
wright	163.6732335	18.1409861	0.109774197	165.6392403	18.71946367	0.101318487	0.922971786	0.451626682	0.618640463
