county	$mu_{cc}$	$hat(sigma_{cc})$	$mu_{nc}$	$hat(sigma_{nc})$	$pval_{mu}$	$pval_{sigma}$		78 have different means				
adair	157.9627238	4.457696932	160.4142915	2.805964703	6.60E-06	3.92E-06		59 have both different				
adams	159.3687067	4.294867854	161.7084869	3.15136193	1.90E-05	0.017123831		76 have different variance				
allamakee	164.7334841	3.345086004	164.3971649	3.012739096	0.45591286	0.137505303						
appanoose	157.4944344	3.552308479	157.5971741	2.521042225	0.813812284	0.000316653						
audubon	157.7101628	4.540028995	161.7791493	3.12447757	5.97E-12	0.000225408						
benton	159.9803273	3.331497504	162.646045	2.553825911	1.61E-09	0.025263725						
black hawk	163.9116297	3.874326987	165.3818273	3.314500583	0.00437839	0.186121849						
boone	163.2373857	3.821513455	165.6109275	2.867520375	1.54E-06	0.005406621						
bremer	163.7922884	3.874531339	164.2937375	3.561820818	0.341865173	0.292370856						
buchanan	162.5148797	3.293816051	165.6916955	3.245664597	8.14E-11	0.600211986						
buena vista	162.5596365	4.149254039	164.1276467	3.258132518	0.003344585	0.049825917						
butler	164.4298607	4.342026647	166.0817029	3.005898346	0.002060364	0.020862756						
calhoun	159.2331157	4.8433612	162.7579921	3.038909447	5.15E-09	1.10E-05						
carroll	158.3783088	4.617688671	161.3422029	2.581084119	9.37E-08	9.88E-08						
cass	159.080538	4.706695599	161.9431144	3.253035463	1.36E-06	0.000396229						
cedar	159.2704821	3.023102252	162.9981513	2.986662601	8.11E-16	0.818269103						
cerro gordo	163.2544517	3.951027924	165.7915952	2.644918876	2.95E-07	7.21E-06						
cherokee	159.5181358	4.237098673	161.0366742	2.520087783	0.002432101	9.82E-07						
chickasaw	161.6430037	4.069776102	164.0995386	3.544591401	9.37E-06	0.180716665						
clarke	158.8086118	4.305362443	158.3462519	2.955585434	0.377169864	0.001281176						
clay	161.5927392	4.399341059	162.974261	3.238229075	0.012286957	0.002430604						
clayton	162.6858577	3.946709	164.6478917	2.913223557	9.21E-05	0.000747928						
clinton	159.4412193	2.804196935	162.4396308	2.650122411	4.17E-13	0.437392772						61
crawford	159.7418378	4.636019164	160.9301614	2.311900327	0.023232665	7.58E-10						
dallas	164.6766067	4.172140682	165.6295016	2.589572396	0.054014305	1.42E-05						
davis	162.2758156	3.513539692	163.799738	3.158513047	0.001473511	0.286680564						
decatur	158.2373862	4.13795753	159.9777574	3.26733373	0.001153256	0.046248014						
delaware	161.446105	3.326209087	165.373772	3.235510869	5.73E-15	0.842101932						
des moines	163.1461159	3.018872152	166.73371	2.58855813	1.84E-16	0.144458331						
dickinson	161.8780187	4.116349939	163.3415201	3.10512951	0.005043942	0.02030775						
dubuque	162.3229552	3.372877451	164.3647051	2.948550758	9.13E-06	0.165213603						
emmet	162.4103985	4.231458971	163.2243063	3.001060082	0.118433815	0.001120811						
fayette	162.54781	3.533532729	164.9619293	3.433588001	1.99E-06	0.968533083						
floyd	163.380051	4.082960014	165.984459	2.977476816	6.63E-07	0.001386553						
franklin	162.580014	4.116703074	166.0018795	2.973542445	2.09E-10	0.00103481						
fremont	159.2224428	4.702733234	161.081	2.59669407	0.000699443	2.97E-08						
greene	158.1686082	4.213539504	162.037534	2.790065757	1.33E-12	0.000312036						
grundy	164.8482732	3.693271221	166.8206949	2.729824252	2.84E-05	0.004844018						
guthrie	158.6389207	4.542426326	160.7313106	3.074630729	0.00018924	0.000184284						
hamilton	164.4353025	4.105541088	166.3496612	2.838222499	0.000174346	0.001495307						
hancock	163.5757092	3.891860169	164.8406523	2.50843652	0.006964804	2.96E-05						
hardin	162.5417934	4.209340013	166.6080858	2.986385983	3.13E-13	0.001132501						
harrison	158.2521706	4.939914555	160.1055445	2.36535247	0.00092372	9.97E-10						
henry	162.5280328	2.804984202	165.0036068	2.707040548	1.44E-09	0.893892538						
howard	163.1830211	3.890560515	163.4543011	2.895129335	0.576579344	0.000197895						
humboldt	164.9654432	4.369294746	165.3749266	2.880644169	0.435037435	4.58E-05						
ida	158.6903534	4.535362698	160.6283338	2.503704591	0.000258125	2.72E-09						
iowa	158.6466883	3.499617352	162.3396635	2.97689901	8.93E-14	0.426529723						
jackson	159.2917757	2.546291284	162.441963	2.841641924	2.21E-14	0.684861055						
jasper	162.9249836	3.888675495	164.413602	2.450267619	0.001448608	0.000271864						
jefferson	162.824458	4.261127315	164.1137907	3.060698073	0.014938037	0.004912753						
johnson	159.5616859	4.496800792	163.1391645	3.105110591	6.23E-10	0.001519631						
jones	158.5828603	3.504016497	163.3085679	3.363389244	1.58E-18	0.792364213						
keokuk	163.5846762	3.687009547	165.4540502	3.069748034	0.000134817	0.039809677						
kossuth	163.9306857	4.336962871	165.8027843	2.61912636	0.000299899	1.34E-05						
lee	163.7237715	3.296691776	165.0683526	2.304919949	0.001012567	0.018997074						
linn	160.7229888	4.399865181	161.9626683	3.279990112	0.025067137	0.011717245						
louisa	163.2180762	3.029777816	166.1659094	2.892130138	3.14E-11	0.86088307						
lucas	158.4912357	4.382854656	159.1070534	3.42918716	0.269887413	0.042812027						
lyon	158.2885169	3.926988557	159.1199109	3.154730908	0.100499173	0.004790869						
madison	158.6262036	4.160821987	160.2305501	2.77586165	0.001595834	5.08E-05						
mahaska	164.5712473	3.911470636	165.1748413	3.331153096	0.241510142	0.166435075						
marion	158.2396739	3.038626996	158.8767381	2.713408567	0.119479685	0.438155363						
marshall	164.9240418	4.138752387	166.8291291	2.773678481	0.000183214	0.00179936						
mills	159.66529	4.838998135	160.3871067	2.609834484	0.191197356	6.39E-09						
mitchell	163.9143864	3.639909697	165.5887888	2.489811592	0.000201867	3.56E-05						
monona	160.0743734	5.397612236	159.7154402	2.337206268	0.542734067	8.89E-13						
monroe	158.2756191	3.32236476	159.5165649	3.071019961	0.006653182	0.798521198						
montgomery	157.6480982	4.996661379	160.6479853	2.776211631	4.99E-07	2.06E-07						
muscatine	158.5294749	3.028311907	162.0941644	2.463470455	1.00E-16	0.046478025						
o brien	158.7913136	4.593239779	161.0892758	2.857583662	3.59E-05	2.71E-05						
osceola	160.1426684	4.019040221	160.3443403	2.883750957	0.683980102	0.003477357						
page	159.1648752	4.272809532	160.6674186	2.83483334	0.003846823	8.83E-05						
palo alto	162.1130764	4.443320301	161.7836757	3.012553597	0.540277652	0.000253124						
plymouth	158.6298305	4.075826164	160.8442224	2.181783735	3.94E-06	1.25E-06						
pocahontas	161.643397	4.657422472	162.8383466	3.214603464	0.036136966	0.000668952						
polk	164.715746	4.353882737	164.5424165	3.094135918	0.745935065	0.000556332						
pottawattamie	159.4654753	4.591488835	160.6929921	2.634947438	0.021690506	1.15E-07						
poweshiek	162.3499786	3.380000736	165.9670948	3.162461964	3.23E-13	0.981193563						
ringgold	159.0786542	3.940838692	159.1705006	3.287914607	0.858160229	0.030644168						
sac	159.7666093	4.480024971	161.035792	2.226988169	0.012242918	7.15E-10						
scott	160.2407404	3.028252855	164.5431291	3.261316255	2.45E-18	0.23818109						
shelby	159.6867843	4.912630766	160.7604306	2.437622767	0.052182818	5.54E-10						
sioux	158.7101981	4.411432967	160.7492588	3.220796208	0.000253039	0.011929138						
story	165.1287151	3.733489969	166.4937686	2.740748476	0.003625871	0.013214225						
tama	164.0923736	4.10309461	166.7488737	2.735535842	2.32E-07	0.000190375						
taylor	159.3452925	4.463524153	160.0012437	2.887846511	0.218964215	3.43E-06						
union	158.6082841	4.787489653	159.6142654	2.864802277	0.073232518	5.58E-07						
van buren	161.6577377	3.597021072	162.962284	2.783240853	0.004602437	0.056666401						
wapello	163.8201678	4.038180224	165.8494782	3.101604099	9.67E-05	0.004543844						
warren	159.6102161	4.174268343	160.1028904	3.220627071	0.351277357	0.017679041						
washington	161.9344077	3.398802314	165.5335668	3.013715446	1.72E-13	0.400558251						
wayne	158.6131943	3.801519533	159.1834011	3.092822764	0.246078609	0.028897168						
webster	163.5624041	4.355644658	166.6325207	2.737745871	1.40E-08	1.58E-05						
winnebago	163.4464113	3.980411914	165.0535958	2.689040688	0.001005433	0.000228089						
winneshiek	162.8508871	3.97788993	164.3996923	3.337242052	0.003225978	0.049237503						
woodbury	158.0838446	4.280020289	161.3267387	2.775647254	1.83E-09	0.000111021						
worth	163.187817	4.087072949	166.7741217	2.845459184	1.65E-11	0.000139173						
wright	163.7937177	4.138942372	164.549365	3.409052464	0.160393675	0.022261029						
	161.159503	4.017641971	163.0628256	2.905577617								
	-1.903322578	1.112064354										
