county	$mu_d$	$hat(sigma_d)$	$r_d$	$mu_s$	$hat(sigma_s)$	$r_s$	ratio	$pval_{mu}$	$pval_{sigma}$
adair	159.1091048	22.60409285	6.79753627	157.7602212	21.63982639	6.995545669	1.029129583	0.666898113	0.582746887
adams	159.9017783	24.66650586	3.911154926	157.9878425	22.75057342	3.945199681	1.008704527	0.569080632	0.479318784
allamakee	164.7526551	24.52600886	3.065766249	166.775656	25.90074548	2.801601462	0.913834009	0.571264759	0.725836291
appanoose	158.128305	30.47387609	3.00269233	160.119507	25.59421761	2.208303575	0.735441175	0.617399214	0.156244529
audubon	157.1748397	25.98885253	1.751001746	156.6868242	25.12515672	1.892565861	1.080847501	0.892746014	0.995970127
benton	159.350066	23.45302589	1.209847246	159.2810366	26.03601707	1.623424519	1.341842554	0.984303364	0.125618439
black hawk	163.3921789	21.67454086	0.863385076	162.4927067	23.24028801	1.246808416	1.444093083	0.777442561	0.116726429
boone	163.2742895	18.56727785	0.68985363	163.4216826	15.96630169	0.459509067	0.666096468	0.952066597	0.103528027
bremer	162.2729364	20.32725966	0.705767131	162.9030588	23.44461923	0.942001551	1.334720064	0.83929289	0.067587848
buchanan	161.6899857	22.18007899	0.677180143	161.7912525	24.969915	0.898174589	1.326345135	0.975842136	0.112278247
buena vista	163.786497	24.2010255	0.7840974	164.5745286	22.56135742	0.706609195	0.901175282	0.811993294	0.644575149
butler	162.9887624	18.15920811	0.425461419	161.9765891	21.0663111	0.612441675	1.439476409	0.71631087	0.093299095
calhoun	159.9391778	24.02697617	0.652322882	160.5732409	20.47411938	0.532694018	0.816610964	0.841018122	0.280566397
carroll	160.1778582	25.38407402	0.613250309	159.6769255	24.11926232	0.615280628	1.00331075	0.886388654	0.852199967
cass	159.6204062	23.94298422	0.476541016	157.7220801	23.43647943	0.529818023	1.111799414	0.57163302	0.724430492
cedar	157.3401697	25.35691704	0.616853661	158.9379574	30.82452148	0.719890673	1.167036395	0.689377312	0.117668292
cerro gordo	162.1576915	19.15802221	0.349172666	161.0792577	20.13663848	0.40189085	1.150980274	0.698428233	0.388550374
cherokee	161.8669562	25.47065313	0.49231699	161.2353584	24.88423682	0.526404717	1.069239389	0.859397786	0.853417461
chickasaw	160.775	21.48485387	0.374531359	160.4753069	24.29855558	0.475081523	1.268469278	0.926476235	0.135291335
clarke	159.8789609	26.41675118	0.503374114	160.1675387	23.42608227	0.389651186	0.774078712	0.934943174	0.161874592
clay	163.6613571	23.71531209	0.371882841	163.2430177	24.13297158	0.436244184	1.173068869	0.901725364	0.561345249
clayton	162.5431268	23.50353626	0.339843668	163.2373989	26.07455787	0.408082325	1.200794257	0.843426064	0.23292815
clinton	157.7611075	27.69292778	0.437174163	157.3834336	32.49125677	0.527170414	1.205859033	0.929598395	0.171488791
crawford	162.0076634	26.52120217	0.340365026	159.5954046	28.21713133	0.452534733	1.32955709	0.534050333	0.330136143
dallas	166.8896525	22.11861062	0.230799547	164.48215	17.74334461	0.191704712	0.830611301	0.396938457	0.054130067
davis	164.8461509	31.27502703	0.432828924	162.9200163	30.35066914	0.437067832	1.009793497	0.658995045	0.82991127
decatur	157.883083	26.89765965	0.432167523	160.1071491	24.47106355	0.302568907	0.700119494	0.541498695	0.153098386
delaware	160.3728796	22.33409259	0.277159598	161.5490344	26.64682899	0.34845045	1.257219497	0.735522	0.03323609
des moines	163.4275466	30.56665094	0.408192953	165.1894967	33.89399938	0.448812913	1.099511665	0.699883427	0.204644948
dickinson	163.458247	23.89206425	0.290200406	163.7843828	23.42695723	0.283109106	0.975564127	0.922454327	0.849199625
dubuque	159.4673542	23.38284164	0.246064667	159.4713851	28.11586821	0.318152191	1.292961704	0.999121668	0.132405129
emmet	164.5417329	22.70473547	0.206556118	162.8538833	21.14500915	0.230739213	1.117077601	0.587049544	0.875486405
fayette	161.4448446	22.57845151	0.241197867	163.5693872	25.37402906	0.273805007	1.135188342	0.532367987	0.165807894
floyd	161.9985034	20.45017189	0.198513888	162.4375365	21.95824195	0.224427872	1.130539904	0.883823132	0.307650358
franklin	161.9669463	18.51405086	0.145102725	160.9486511	19.13267242	0.168073694	1.158308326	0.702519842	0.856215701
fremont	160.2150288	24.06848169	0.200987318	157.6004589	24.14803768	0.241877115	1.203444662	0.444075304	0.985124429
greene	158.2879741	22.00683817	0.211421036	159.8449217	19.77323441	0.157461906	0.744778805	0.599303484	0.199013168
grundy	164.5212242	19.02811837	0.119429856	162.3087769	20.52735288	0.175239328	1.467299164	0.430221194	0.208630593
guthrie	158.1585022	26.30277186	0.269824744	159.4474703	21.9132326	0.190520112	0.706088362	0.70695594	0.066140088
hamilton	164.99034	18.01445797	0.119097953	163.6259944	17.39352267	0.12353766	1.037277777	0.586475314	0.560162779
hancock	163.392019	19.21222564	0.138661181	161.8878879	19.94569357	0.15057169	1.085896491	0.587651113	0.992082405
hardin	162.0562046	18.48922668	0.116774041	160.49234	17.89758735	0.123845533	1.060557057	0.54406181	0.860282891
harrison	159.4148091	26.73543098	0.202506796	157.7206025	29.50950365	0.256940969	1.268801707	0.670959618	0.341765333
henry	163.3678239	29.16846232	0.25198111	164.5808339	32.97156922	0.293697763	1.165554682	0.783187458	0.161524975
howard	161.3116445	21.7324626	0.164609617	162.0645829	23.91193482	0.186994234	1.135986085	0.815989076	0.270129714
humboldt	164.912378	18.98717643	0.133996447	164.6672814	19.22699208	0.131552542	0.981761421	0.927820688	0.999417286
ida	161.3972915	28.93913205	0.211907859	159.2818239	25.31804578	0.195860828	0.924273545	0.582831917	0.211590052
iowa	160.1565116	23.42401239	0.124480633	156.6970165	27.659803	0.200849642	1.613501133	0.341047545	0.178542947
jackson	155.6078625	25.87816469	0.18870925	156.4411044	31.20264958	0.241220348	1.278264567	0.837361848	0.079109097
jasper	162.6234979	22.28343055	0.135556531	161.6842415	18.44475663	0.112703125	0.831410516	0.745762141	0.104288195
jefferson	166.9228479	28.85647797	0.182845336	163.5080062	32.57791504	0.241382088	1.320143536	0.433607388	0.282034732
johnson	160.0551338	24.55935032	0.146200751	159.8877997	30.47514768	0.221285158	1.513570596	0.965943218	0.018141957
jones	156.2521445	25.66540148	0.167591247	155.445228	31.58005662	0.215471001	1.285693644	0.843031559	0.190103055
keokuk	166.2445672	25.6519646	0.140725881	163.0933458	27.3023501	0.185391031	1.317391156	0.401273561	0.556970564
kossuth	164.3638164	19.23691377	0.106283215	162.9790429	20.18934048	0.113485923	1.067769012	0.620043586	0.899774852
lee	165.8882374	31.06914258	0.231488006	167.5770944	31.28995818	0.211600782	0.914089611	0.702126382	0.971774437
linn	160.5968927	24.41178535	0.1425957	160.6540261	28.76702771	0.190254127	1.334220648	0.987933665	0.076662446
louisa	163.1026172	26.39665435	0.157922688	163.8063988	32.29868509	0.216857744	1.373189284	0.866196499	0.017931621
lucas	158.8179882	28.30847617	0.186330558	159.3416516	24.1250745	0.139228239	0.747210979	0.88818046	0.104187422
lyon	162.2721486	24.0911863	0.136692969	161.5693565	26.4511831	0.157833631	1.154658004	0.84447486	0.359728921
madison	158.5942234	24.95958405	0.14409158	158.3583572	21.80344457	0.105015483	0.728810685	0.943336334	0.124993234
mahaska	165.3691956	25.57850874	0.139362943	164.5578345	24.58116341	0.135550582	0.972644372	0.819329305	0.827017048
marion	158.1973955	25.22219873	0.142522757	158.5328108	22.71654486	0.112092259	0.786486741	0.921386951	0.231365717
marshall	164.891793	19.67513406	0.071919215	162.8349847	18.7618141	0.085489225	1.188684074	0.45022109	0.948330627
mills	160.3202991	25.11168888	0.1062495	156.778239	24.97266708	0.130619405	1.229364889	0.318456428	0.940657267
mitchell	163.4861449	20.62375875	0.097232625	162.7711847	22.98843223	0.122347406	1.258295831	0.817168038	0.217555502
monona	162.6755853	27.86516542	0.136773564	160.6725881	28.11097466	0.158919665	1.161917987	0.613388818	0.781017287
monroe	158.7364578	28.79804055	0.17856105	161.0057736	25.45932741	0.130240426	0.729388778	0.555620256	0.204898015
montgomery	159.3209006	24.65518978	0.108767854	156.2195345	23.83577728	0.117817431	1.083200843	0.366900598	0.482897669
muscatine	157.018509	25.80098306	0.132932185	158.7208923	31.17024272	0.17046875	1.282373795	0.674429331	0.032021808
o brien	162.8736993	25.62985507	0.12482858	161.7911334	26.34465266	0.13341355	1.068774073	0.768657423	0.876065141
osceola	164.1269871	24.53416655	0.106089764	161.9625683	26.08601885	0.125603047	1.183931818	0.54626847	0.695272943
page	160.8026422	24.55551051	0.085042433	156.5444412	23.98709541	0.115665712	1.360094098	0.216268164	0.932745344
palo alto	163.122591	21.42087283	0.095593283	162.9129889	21.10117214	0.096606484	1.010599083	0.944496258	0.859972353
plymouth	161.5025496	24.71703625	0.103591778	160.1482842	26.20287343	0.12532778	1.209823624	0.707347484	0.318645083
pocahontas	162.6531341	21.62957568	0.087412512	162.3067228	20.01026133	0.084674906	0.968681762	0.906533991	0.681101591
polk	165.0708328	21.01244263	0.078655784	162.4785486	19.5293975	0.069034131	0.877673934	0.367281104	0.240267412
pottawattamie	160.2623212	23.00795725	0.090498782	158.1097038	25.36792418	0.113657745	1.25590359	0.530377831	0.440349352
poweshiek	162.5273781	22.46352679	0.082468438	161.4865295	21.75811654	0.093652214	1.135612803	0.739620906	0.72799664
ringgold	161.0048675	26.08978039	0.108193164	159.7903826	22.16944531	0.088476127	0.817760787	0.723178894	0.104460206
sac	161.136358	26.93071207	0.122914869	160.8268034	24.14657755	0.114680479	0.93300737	0.931886559	0.450226035
scott	157.9663462	27.9485337	0.135778495	159.0782827	32.17991229	0.147258157	1.084546983	0.794460799	0.277588259
shelby	161.7852929	26.15304229	0.099232079	159.0623764	28.14059671	0.128234054	1.292264114	0.479301047	0.618465557
sioux	160.7767056	24.90409953	0.110732395	161.1474679	26.611982	0.118226644	1.067678922	0.919078074	0.486354813
story	164.7952093	19.0607836	0.066977185	165.3700535	16.48308953	0.049481436	0.738780469	0.819794098	0.53051974
tama	164.1109872	22.17241862	0.070374404	163.0592705	21.51624431	0.083374359	1.184725619	0.733912707	0.684569281
taylor	160.244177	25.40588268	0.09257157	158.2330854	21.88987999	0.082422305	0.890363051	0.54941251	0.121867349
union	158.5814941	27.65213011	0.119731686	158.8776772	23.65492326	0.088402592	0.738339153	0.935214045	0.059419029
van buren	164.5766279	30.92047969	0.127074802	163.833771	31.88505612	0.131846395	1.037549483	0.867342712	0.933142403
wapello	167.2738459	30.69392311	0.115507826	165.0108014	28.72867904	0.112619345	0.974993208	0.590981744	0.597262014
warren	162.1844853	22.24296309	0.06822951	157.9382274	20.21762479	0.06609157	0.968665455	0.159335806	0.29892312
washington	163.8312281	25.49636966	0.089509077	162.4411762	30.56488709	0.122492976	1.368497815	0.727297359	0.132798112
wayne	158.3742627	27.79565086	0.131545881	161.8781116	25.16404475	0.093126299	0.707937775	0.351195397	0.21779689
webster	164.3238081	20.21415888	0.06909991	164.2002703	18.1371793	0.054373423	0.786881244	0.963764597	0.248877515
winnebago	162.6838793	18.60600567	0.063086015	162.3546651	20.78925634	0.0711958	1.128551234	0.906188397	0.334344445
winneshiek	162.2837754	24.4741333	0.09127312	162.7945566	25.57821249	0.095969292	1.051451857	0.885422813	0.516891863
woodbury	160.975283	28.30399487	0.096280546	158.0854884	26.39150855	0.100377158	1.042548702	0.456115155	0.500855833
worth	163.0192755	19.356119	0.061248421	162.6964415	21.0702738	0.072682201	1.186678761	0.910277475	0.303610278
wright	164.213848	19.1176323	0.055924128	162.5977555	19.05913134	0.056686562	1.013633365	0.550082672	0.678680218
