					Yield precipitation Effectss				
1	0.001124229	0.4		1.124229349	60	120		0.04	0.04
2	0.001184651	0.8		1.184650592	0.1	-0.09	-0.03	0.08	0.08
3	0.001246385	1.2		1.246384756				0.12	0.12
4	0.001309334	1.6		1.309334165	80	140		0.16	0.16
5	0.001373396	2	2	1.373395734				0.2	0.2
6	0.001438462	2.4		1.438461693				0.24	0.24
7	0.00150442	2.8		1.504420363				0.28	0.28
8	0.001571157	3.2		1.571156974				0.32	0.32
9	0.001638555	3.6		1.63855453				0.36	0.36
10	0.001706495	4	4	1.706494694				0.4	0.4
11	0.001774859	4.4		1.774858703				0.44	0.44
12	0.001843528	4.8		1.843528281				0.48	0.48
13	0.001912387	5.2		1.912386562				0.52	0.52
14	0.001981319	5.6		1.981318993				0.56	0.56
15	0.002050214	6	6	2.050214224				0.6	0.6
16	0.002118965	6.4		2.11896496				0.64	0.64
17	0.002187469	6.8		2.187468779				0.68	0.68
18	0.002255629	7.2		2.255628897				0.72	0.72
19	0.002323355	7.6		2.323354877				0.76	0.76
20	0.002390563	8	8	2.390563278				0.8	0.8
21	0.002457178	8.4		2.457178226				0.84	0.84
22	0.002523132	8.8		2.523131916				0.88	0.88
23	0.002588365	9.2		2.588365031				0.92	0.92
24	0.002652827	9.6		2.65282708				0.96	0.96
25	0.002716477	10	10	2.716476642				1	1
26	0.002779282	10.4		2.779281535				1.04	1.04
27	0.002841219	10.8		2.841218889				1.08	1.08
28	0.002902275	11.2		2.902275136				1.12	1.12
29	0.002962446	11.6		2.962445913				1.16	1.16
30	0.003021736	12	12	3.021735885				1.2	1.2
31	0.003080158	12.4		3.080158492				1.24	1.24
32	0.003137736	12.8		3.13773561				1.28	1.28
33	0.003194497	13.2		3.194497157				1.32	1.32
34	0.003250481	13.6		3.250480625				1.36	1.36
35	0.003305731	14	14	3.305730555				1.4	1.4
36	0.003360298	14.4		3.360297959				1.44	1.44
37	0.00341424	14.8		3.4142397				1.48	1.48
38	0.003467618	15.2		3.467617824				1.52	1.52
39	0.003520499	15.6		3.520498866				1.56	1.56
40	0.003572953	16	16	3.572953129				1.6	1.6
41	0.003625054	16.4		3.62505394				1.64	1.64
42	0.003676877	16.8		3.676876893				1.68	1.68
43	0.003728499	17.2		3.728499092				1.72	1.72
44	0.003779998	17.6		3.779998388				1.76	1.76
45	0.003831453	18	18	3.831452621				1.8	1.8
46	0.003882939	18.4		3.882938884				1.84	1.84
47	0.003934533	18.8		3.934532791				1.88	1.88
48	0.003986308	19.2		3.986307778				1.92	1.92
49	0.004038334	19.6		4.038334435				1.96	1.96
50	0.00409068	20	20	4.090679857				2	2
51	0.004143407	20.4		4.143407052				2.04	2.04
52	0.004196574	20.8		4.196574372				2.08	2.08
53	0.004250235	21.2		4.250235007				2.12	2.12
54	0.004304437	21.6		4.304436517				2.16	2.16
55	0.00435922	22	22	4.359220421				2.2	2.2
56	0.004414622	22.4		4.414621836				2.24	2.24
57	0.004470669	22.8		4.470669184				2.28	2.28
58	0.004527384	23.2		4.527383946				2.32	2.32
59	0.00458478	23.6		4.584780481				2.36	2.36
60	0.004642866	24	24	4.64286591				2.4	2.4
61	0.00470164	24.4		4.701640055				2.44	2.44
62	0.004761095	24.8		4.761095442				2.48	2.48
63	0.004821217	25.2		4.821217364				2.52	2.52
64	0.004881984	25.6		4.881984004				2.56	2.56
65	0.004943367	26	26	4.943366614				2.6	2.6
66	0.00500533	26.4		5.00532975				2.64	2.64
67	0.005067832	26.8		5.067831557				2.68	2.68
68	0.005130824	27.2		5.130824103				2.72	2.72
69	0.005194254	27.6		5.194253765				2.76	2.76
70	0.005258062	28	28	5.258061645				2.8	2.8
71	0.005322184	28.4		5.322184029				2.84	2.84
72	0.005386553	28.8		5.386552881				2.88	2.88
73	0.005451096	29.2		5.451096353				2.92	2.92
74	0.005515739	29.6		5.515739331				2.96	2.96
75	0.005580404	30	30	5.580403985				3	3
76	0.00564501	30.4		5.645010337				3.04	3.04
77	0.005709477	30.8		5.709476834				3.08	3.08
78	0.005773721	31.2		5.773720923				3.12	3.12
79	0.00583766	31.6		5.837659619				3.16	3.16
80	0.00590121	32	32	5.901210064				3.2	3.2
81	0.00596429	32.4		5.96429008				3.24	3.24
82	0.006026819	32.8		6.026818695				3.28	3.28
83	0.006088717	33.2		6.088716655				3.32	3.32
84	0.006149907	33.6		6.149906907				3.36	3.36
85	0.006210315	34	34	6.210315059				3.4	3.4
86	0.00626987	34.4		6.269869804				3.44	3.44
87	0.006328503	34.8		6.328503318				3.48	3.48
88	0.006386152	35.2		6.386151618				3.52	3.52
89	0.006442755	35.6		6.44275489				3.56	3.56
90	0.006498258	36	36	6.498257776				3.6	3.6
91	0.00655261	36.4		6.552609624				3.64	3.64
92	0.006605765	36.8		6.605764704				3.68	3.68
93	0.006657682	37.2		6.657682383				3.72	3.72
94	0.006708327	37.6		6.70832726				3.76	3.76
95	0.006757669	38	38	6.75766927				3.8	3.8
96	0.006805684	38.4		6.805683745				3.84	3.84
97	0.006852351	38.8		6.852351442				3.88	3.88
98	0.006897659	39.2		6.897658533				3.92	3.92
99	0.006941597	39.6		6.941596565				3.96	3.96
100	0.006984162	40	40	6.984162377				4	4
101	0.007025358	40.4		7.025357999				4.04	4.04
102	0.007065191	40.8		7.065190503				4.08	4.08
103	0.007103672	41.2		7.103671837				4.12	4.12
104	0.007140819	41.6		7.140818621				4.16	4.16
105	0.007176652	42	42	7.176651925				4.2	4.2
106	0.007211197	42.4		7.211197009				4.24	4.24
107	0.007244483	42.8		7.244483054				4.28	4.28
108	0.007276543	43.2		7.276542854				4.32	4.32
109	0.007307413	43.6		7.307412503				4.36	4.36
110	0.007337131	44	44	7.337131054				4.4	4.4
111	0.00736574	44.4		7.365740168				4.44	4.44
112	0.007393284	44.8		7.393283748				4.48	4.48
113	0.007419808	45.2		7.419807565				4.52	4.52
114	0.007445359	45.6		7.445358873				4.56	4.56
115	0.007469986	46	46	7.469986025				4.6	4.6
116	0.007493738	46.4		7.493738091				4.64	4.64
117	0.007516664	46.8		7.516664469				4.68	4.68
118	0.007538815	47.2		7.538814511				4.72	4.72
119	0.007560237	47.6		7.560237164				4.76	4.76
120	0.007580981	48	48	7.580980611				4.8	4.8
121	0.007601092	48.4		7.601091942				4.84	4.84
122	0.007620617	48.8		7.620616839				4.88	4.88
123	0.007639599	49.2		7.63959929				4.92	4.92
124	0.007658081	49.6		7.658081324				4.96	4.96
125	0.007676103	50	50	7.67610278				5	5
126	0.007693701	50.4		7.693701103				5.04	5.04
127	0.007710911	50.8		7.710911179				5.08	5.08
128	0.007727765	51.2		7.727765195				5.12	5.12
129	0.007744293	51.6		7.744292541				5.16	5.16
130	0.00776052	52	52	7.760519743				5.2	5.2
131	0.00777647	52.4		7.776470434				5.24	5.24
132	0.007792165	52.8		7.792165349				5.28	5.28
133	0.007807622	53.2		7.807622363				5.32	5.32
134	0.007822857	53.6		7.82285655				5.36	5.36
135	0.00783788	54	54	7.837880272				5.4	5.4
136	0.007852703	54.4		7.852703292				5.44	5.44
137	0.007867333	54.8		7.867332912				5.48	5.48
138	0.007881774	55.2		7.881774117				5.52	5.52
139	0.00789603	55.6		7.896029748				5.56	5.56
140	0.007910101	56	56	7.910100677				5.6	5.6
141	0.007923986	56.4		7.923985988				5.64	5.64
142	0.007937683	56.8		7.937683167				5.68	5.68
143	0.007951188	57.2		7.95118829				5.72	5.72
144	0.007964496	57.6		7.964496206				5.76	5.76
145	0.007977601	58	58	7.977600715				5.8	5.8
146	0.007990495	58.4		7.990494744				5.84	5.84
147	0.008003171	58.8		8.003170504				5.88	5.88
148	0.00801562	59.2		8.01561964				5.92	5.92
149	0.008027833	59.6		8.027833367				5.96	5.96
150	0.008039803	60	60	8.039802595				6	6
151	0.008051518	60.4		8.051518033				6.004	6.04
152	0.00806297	60.8		8.062970286				6.008	6.08
153	0.00807415	61.2		8.074149934				6.012	6.12
154	0.008085048	61.6		8.085047598				6.016	6.16
155	0.008095654	62	62	8.09565399				6.02	6.2
156	0.00810596	62.4		8.10595996				6.024	6.24
157	0.008115957	62.8		8.115956525				6.028	6.28
158	0.008125635	63.2		8.125634888				6.032	6.32
159	0.008134986	63.6		8.134986456				6.036	6.36
160	0.008144003	64	64	8.144002844				6.04	6.4
161	0.008152676	64.4		8.152675875				6.044	6.44
162	0.008160998	64.8		8.160997581				6.048	6.48
163	0.00816896	65.2		8.168960189				6.052	6.52
164	0.008176556	65.6		8.176556118				6.056	6.56
165	0.008183778	66	66	8.183777963				6.06	6.6
166	0.008190618	66.4		8.190618483				6.064	6.64
167	0.008197071	66.8		8.197070583				6.068	6.68
168	0.008203127	67.2		8.203127302				6.072	6.72
169	0.008208782	67.6		8.208781796				6.076	6.76
170	0.008214027	68	68	8.214027315				6.08	6.8
171	0.008218857	68.4		8.218857192				6.084	6.84
172	0.008223265	68.8		8.223264817				6.088	6.88
173	0.008227244	69.2		8.227243619				6.092	6.92
174	0.008230787	69.6		8.230787041				6.096	6.96
175	0.008233889	70	70	8.233888518				6.1	7
176	0.008236541	70.4		8.236541451				6.104	7.04
177	0.008238739	70.8		8.238739179				6.108	7.08
178	0.008240475	71.2		8.24047495				6.112	7.12
179	0.008241742	71.6		8.241741891				6.116	7.16
180	0.008242533	72	72	8.242532976				6.12	7.2
181	0.008242841	72.4		8.242840996				6.124	7.24
182	0.008242659	72.8		8.242658521				6.128	7.28
183	0.008241978	73.2		8.241977871				6.132	7.32
184	0.008240791	73.6		8.240791084				6.136	7.36
185	0.00823909	74	74	8.239089879				6.14	7.4
186	0.008236866	74.4		8.236865632				6.144	7.44
187	0.008234109	74.8		8.234109343				6.148	7.48
188	0.008230812	75.2		8.230811611				6.152	7.52
189	0.008226963	75.6		8.226962613				6.156	7.56
190	0.008222552	76	76	8.222552083				6.16	7.6
191	0.008217569	76.4		8.217569299				6.164	7.64
192	0.008212003	76.8		8.212003069				6.168	7.68
193	0.008205842	77.2		8.205841733				6.172	7.72
194	0.008199073	77.6		8.199073155				6.176	7.76
195	0.008191685	78	78	8.19168474				6.18	7.8
196	0.008183663	78.4		8.183663441				6.184	7.84
197	0.008174996	78.8		8.174995788				6.188	7.88
198	0.008165668	79.2		8.165667914				6.192	7.92
199	0.008155666	79.6		8.155665596				6.196	7.96
200	0.008144974	80	80	8.144974307				6.2	8
201	0.008133579	80.4		8.133579278				6.204	8.004
202	0.008121466	80.8		8.121465563				6.208	8.008
203	0.008108618	81.2		8.108618133				6.212	8.012
204	0.008095022	81.6		8.095021968				6.216	8.016
205	0.008080662	82	82	8.080662169				6.22	8.02
206	0.008065524	82.4		8.065524085				6.224	8.024
207	0.008049593	82.8		8.049593452				6.228	8.028
208	0.008032857	83.2		8.032856547				6.232	8.032
209	0.0080153	83.6		8.01530036				6.236	8.036
210	0.007996913	84	84	7.996912772				6.24	8.04
211	0.007977683	84.4		7.977682754				6.244	8.044
212	0.007957601	84.8		7.957600575				6.248	8.048
213	0.007936658	85.2		7.936658017				6.252	8.052
214	0.007914849	85.6		7.914848601				6.256	8.056
215	0.007892168	86	86	7.892167814				6.26	8.06
216	0.007868613	86.4		7.868613343				6.264	8.064
217	0.007844185	86.8		7.844185302				6.268	8.068
218	0.007818886	87.2		7.818886454				6.272	8.072
219	0.007792722	87.6		7.79272242				6.276	8.076
220	0.007765702	88	88	7.765701878				6.28	8.08
221	0.007737837	88.4		7.737836733				6.284	8.084
222	0.007709142	88.8		7.70914227				6.288	8.088
223	0.007679637	89.2		7.679637272				6.292	8.092
224	0.007649344	89.6		7.649344097				6.296	8.096
225	0.007618289	90	90	7.618288729				6.3	8.1
226	0.007586501	90.4		7.586500773				6.304	8.104
227	0.007554013	90.8		7.554013407				6.308	8.108
228	0.007520863	91.2		7.520863285				6.312	8.112
229	0.00748709	91.6		7.487090389				6.316	8.116
230	0.007452738	92	92	7.452737828				6.32	8.12
231	0.007417852	92.4		7.41785158				6.324	8.124
232	0.00738248	92.8		7.382480197				6.328	8.128
233	0.007346674	93.2		7.346674443				6.332	8.132
234	0.007310487	93.6		7.310486906				6.336	8.136
235	0.007273972	94	94	7.273971556				6.34	8.14
236	0.007237183	94.4		7.237183275				6.344	8.144
237	0.007200177	94.8		7.200177362				6.348	8.148
238	0.007163009	95.2		7.163009011				6.352	8.152
239	0.007125733	95.6		7.125732782				6.356	8.156
240	0.007088402	96	96	7.088402071				6.36	8.16
241	0.007051069	96.4		7.051068578				6.364	8.164
242	0.007013782	96.8		7.013781796				6.368	8.168
243	0.006976589	97.2		6.976588525				6.372	8.172
244	0.006939532	97.6		6.939532413				6.376	8.176
245	0.006902654	98	98	6.902653544				6.38	8.18
246	0.006865988	98.4		6.865988072				6.384	8.184
247	0.006829568	98.8		6.829567908				6.388	8.188
248	0.00679342	99.2		6.793420476				6.392	8.192
249	0.006757569	99.6		6.757568522				6.396	8.196
250	0.00672203	100	100	6.722030004				6.4	8.2
251	0.006686818	100.4		6.686818047				6.404	8.204
252	0.006651941	100.8		6.651940967				6.408	8.208
253	0.006617402	101.2		6.617402367				6.412	8.212
254	0.006583201	101.6		6.583201305				6.416	8.216
255	0.006549333	102	102	6.549332518				6.42	8.22
256	0.006515787	102.4		6.515786707				6.424	8.224
257	0.006482551	102.8		6.482550883				6.428	8.228
258	0.006449609	103.2		6.449608742				6.432	8.232
259	0.006416941	103.6		6.416941096				6.436	8.236
260	0.006384526	104	104	6.384526318				6.44	8.24
261	0.006352341	104.4		6.352340818				6.444	8.244
262	0.00632036	104.8		6.320359522				6.448	8.248
263	0.006288556	105.2		6.288556355				6.452	8.252
264	0.006256905	105.6		6.256904722				6.456	8.256
265	0.006225378	106	106	6.225377963				6.46	8.26
266	0.00619395	106.4		6.193949789				6.464	8.264
267	0.006162595	106.8		6.16259469				6.468	8.268
268	0.006131288	107.2		6.131288295				6.472	8.272
269	0.006100008	107.6		6.100007699				6.476	8.276
270	0.006068732	108	108	6.068731733				6.48	8.28
271	0.006037441	108.4		6.037441187				6.484	8.284
272	0.006006119	108.8		6.006118977				6.488	8.288
273	0.00597475	109.2		5.97475026				6.492	8.292
274	0.005943322	109.6		5.943322495				6.496	8.296
275	0.005911825	110	110	5.911825441				6.5	8.3
276	0.005880251	110.4		5.880251121				6.504	8.304
277	0.005848594	110.8		5.848593724				6.508	8.308
278	0.005816849	111.2		5.816849472				6.512	8.312
279	0.005785016	111.6		5.785016444				6.516	8.316
280	0.005753094	112	112	5.753094373				6.52	8.32
281	0.005721084	112.4		5.721084408				6.524	8.324
282	0.005688989	112.8		5.688988867				6.528	8.328
283	0.005656811	113.2		5.656810964				6.532	8.332
284	0.005624555	113.6		5.62455454				6.536	8.336
285	0.005592224	114	114	5.592223781				6.54	8.34
286	0.005559823	114.4		5.559822957				6.544	8.344
287	0.005527356	114.8		5.527356155				6.548	8.348
288	0.005494827	115.2		5.494827043				6.552	8.352
289	0.005462239	115.6		5.462238643				6.556	8.356
290	0.005429593	116	116	5.429593143				6.56	8.36
291	0.005396892	116.4		5.396891725				6.564	8.364
292	0.005364134	116.8		5.364134432				6.568	8.368
293	0.00533132	117.2		5.331320069				6.572	8.372
294	0.005298446	117.6		5.298446135				6.576	8.376
295	0.005265509	118	118	5.265508798				6.58	8.38
296	0.005232503	118.4		5.232502897				6.584	8.384
297	0.005199422	118.8		5.199421985				6.588	8.388
298	0.005166258	119.2		5.166258406				6.592	8.392
299	0.005133003	119.6		5.1330034				6.596	8.396
300	0.005099647	120	120	5.099647237				6.6	8.4
301	0.005066179	120.4		5.066179383				6.592	8.404
302	0.005032589	120.8		5.032588684				6.584	8.408
303	0.004998864	121.2		4.998863566				6.576	8.412
304	0.004964992	121.6		4.964992261				6.568	8.416
305	0.004930963	122	122	4.930963033				6.56	8.42
306	0.004896764	122.4		4.896764416				6.552	8.424
307	0.004862385	122.8		4.862385462				6.544	8.428
308	0.004827816	123.2		4.827815972				6.536	8.432
309	0.004793047	123.6		4.793046739				6.528	8.436
310	0.00475807	124	124	4.758069772				6.52	8.44
311	0.004722879	124.4		4.722878514				6.512	8.444
312	0.004687468	124.8		4.687468037				6.504	8.448
313	0.004651835	125.2		4.651835227				6.496	8.452
314	0.004615979	125.6		4.615978946				6.488	8.456
315	0.0045799	126	126	4.579900166				6.48	8.46
316	0.004543602	126.4		4.543602081				6.472	8.464
317	0.00450709	126.8		4.507090198				6.464	8.468
318	0.004470372	127.2		4.470372391				6.456	8.472
319	0.004433459	127.6		4.433458932				6.448	8.476
320	0.004396362	128	128	4.396362495				6.44	8.48
321	0.004359098	128.4		4.359098127				6.432	8.484
322	0.004321683	128.8		4.321683195				6.424	8.488
323	0.004284137	129.2		4.284137308				6.416	8.492
324	0.004246482	129.6		4.246482207				6.408	8.496
325	0.004208742	130	130	4.208741639				6.4	8.5
326	0.004170941	130.4		4.170941203				6.392	8.504
327	0.004133108	130.8		4.133108178				6.384	8.508
328	0.004095271	131.2		4.095271338				6.376	8.512
329	0.004057461	131.6		4.057460745				6.368	8.516
330	0.004019708	132	132	4.01970753				6.36	8.52
331	0.003982044	132.4		3.982043676				6.352	8.524
332	0.003944502	132.8		3.944501776				6.344	8.528
333	0.003907115	133.2		3.907114801				6.336	8.532
334	0.003869916	133.6		3.869915862				6.328	8.536
335	0.003832938	134	134	3.832937973				6.32	8.54
336	0.003796214	134.4		3.796213816				6.312	8.544
337	0.003759776	134.8		3.759775518				6.304	8.548
338	0.003723654	135.2		3.723654429				6.296	8.552
339	0.003687881	135.6		3.68788092				6.288	8.556
340	0.003652484	136	136	3.652484184				6.28	8.56
341	0.003617492	136.4		3.617492059				6.272	8.564
342	0.003582931	136.8		3.582930861				6.264	8.568
343	0.003548825	137.2		3.548825239				6.256	8.572
344	0.003515198	137.6		3.515198045				6.248	8.576
345	0.00348207	138	138	3.482070221				6.24	8.58
346	0.003449461	138.4		3.449460711				6.232	8.584
347	0.003417386	138.8		3.417386387				6.224	8.588
348	0.003385862	139.2		3.385862				6.216	8.592
349	0.0033549	139.6		3.354900143				6.208	8.596
350	0.003324511	140	140	3.324511241				6.2	8.6
351	0.003294704	140.4		3.294703559				6.192	8.592
352	0.003265483	140.8		3.265483217				6.184	8.584
353	0.003236854	141.2		3.236854243				6.176	8.576
354	0.003208819	141.6		3.208818619				6.168	8.568
355	0.003181376	142	142	3.181376361				6.16	8.56
356	0.003154526	142.4		3.154525601				6.152	8.552
357	0.003128263	142.8		3.128262687				6.144	8.544
358	0.003102582	143.2		3.102582291				6.136	8.536
359	0.003077478	143.6		3.077477526				6.128	8.528
360	0.00305294	144	144	3.052940078				6.12	8.52
361	0.00302896	144.4		3.028960329				6.112	8.512
362	0.003005527	144.8		3.005527497				6.104	8.504
363	0.00298263	145.2		2.982629772				6.096	8.496
364	0.002960254	145.6		2.960254452				6.088	8.488
365	0.002938388	146	146	2.938388079				6.08	8.48
366	0.002917017	146.4		2.917016573				6.072	8.472
367	0.002896125	146.8		2.89612535				6.064	8.464
368	0.002875699	147.2		2.875699451				6.056	8.456
369	0.002855724	147.6		2.855723643				6.048	8.448
370	0.002836183	148	148	2.836182525				6.04	8.44
371	0.002817061	148.4		2.817060614				6.032	8.432
372	0.002798342	148.8		2.798342421				6.024	8.424
373	0.002780013	149.2		2.780012516				6.016	8.416
374	0.002762056	149.6		2.762055578				6.008	8.408
375	0.002744456	150	150	2.744456428				6	8.4
376	0.0027272	150.4		2.727200059				5.992	8.392
377	0.002710272	150.8		2.710271638				5.984	8.384
378	0.002693657	151.2		2.693656509				5.976	8.376
379	0.00267734	151.6		2.677340178				5.968	8.368
380	0.002661308	152	152	2.661308288				5.96	8.36
381	0.002645547	152.4		2.645546587				5.952	8.352
382	0.002630041	152.8		2.630040893				5.944	8.344
383	0.002614777	153.2		2.614777042				5.936	8.336
384	0.002599741	153.6		2.599740851				5.928	8.328
385	0.002584918	154	154	2.584918064				5.92	8.32
386	0.002570294	154.4		2.570294307				5.912	8.312
387	0.002555855	154.8		2.555855049				5.904	8.304
388	0.002541586	155.2		2.541585563				5.896	8.296
389	0.002527471	155.6		2.527470898				5.888	8.288
390	0.002513496	156	156	2.513495858				5.88	8.28
391	0.002499645	156.4		2.499644996				5.872	8.272
392	0.002485903	156.8		2.485902617				5.864	8.264
393	0.002472253	157.2		2.47225279				5.856	8.256
394	0.002458679	157.6		2.458679384				5.848	8.248
395	0.002445166	158	158	2.445166105				5.84	8.24
396	0.002431697	158.4		2.431696561				5.832	8.232
397	0.002418254	158.8		2.418254324				5.824	8.224
398	0.002404823	159.2		2.404823015				5.816	8.216
399	0.002391386	159.6		2.391386399				5.808	8.208
400	0.002377928	160	160	2.377928483				5.8	8.2
401	0.002364434	160.4		2.364433628				5.792	8.192
402	0.002350887	160.8		2.350886663				5.784	8.184
403	0.002337273	161.2		2.337273003				5.776	8.176
404	0.002323579	161.6		2.323578766				5.768	8.168
405	0.002309791	162	162	2.309790893				5.76	8.16
406	0.002295897	162.4		2.295897256				5.752	8.152
407	0.002281887	162.8		2.281886768				5.744	8.144
408	0.002267749	163.2		2.267749481				5.736	8.136
409	0.002253477	163.6		2.253476668				5.728	8.128
410	0.002239061	164	164	2.239060899				5.72	8.12
411	0.002224496	164.4		2.224496104				5.712	8.112
412	0.002209778	164.8		2.209777608				5.704	8.104
413	0.002194902	165.2		2.194902167				5.696	8.096
414	0.002179868	165.6		2.179867971				5.688	8.088
415	0.002164675	166	166	2.164674638				5.68	8.08
416	0.002149323	166.4		2.149323189				5.672	8.072
417	0.002133816	166.8		2.133816002				5.664	8.064
418	0.002118157	167.2		2.118156756				5.656	8.056
419	0.00210235	167.6		2.102350355				5.648	8.048
420	0.002086403	168	168	2.086402837				5.64	8.04
421	0.002070321	168.4		2.070321279				5.632	8.032
422	0.002054114	168.8		2.054113678				5.624	8.024
423	0.002037789	169.2		2.037788842				5.616	8.016
424	0.002021356	169.6		2.021356255				5.608	8.008
425	0.002004826	170	170	2.004825954				5.6	8
426	0.001988208	170.4		1.988208402				5.592	7.992
427	0.001971514	170.8		1.971514351				5.584	7.984
428	0.001954755	171.2		1.954754725				5.576	7.976
429	0.00193794	171.6		1.937940495				5.568	7.968
430	0.001921083	172	172	1.92108257				5.56	7.96
431	0.001904192	172.4		1.904191692				5.552	7.952
432	0.001887278	172.8		1.887278349				5.544	7.944
433	0.001870353	173.2		1.870352688				5.536	7.936
434	0.001853424	173.6		1.853424456				5.528	7.928
435	0.001836503	174	174	1.836502945				5.52	7.92
436	0.001819597	174.4		1.819596951				5.512	7.912
437	0.001802715	174.8		1.802714758				5.504	7.904
438	0.001785864	175.2		1.78586412				5.496	7.896
439	0.001769052	175.6		1.769052272				5.488	7.888
440	0.001752286	176	176	1.752285943				5.48	7.88
441	0.001735571	176.4		1.735571383				5.472	7.872
442	0.001718914	176.8		1.718914405				5.464	7.864
443	0.00170232	177.2		1.702320425				5.456	7.856
444	0.001685795	177.6		1.685794521				5.448	7.848
445	0.001669341	178	178	1.669341481				5.44	7.84
446	0.001652966	178.4		1.652965871				5.432	7.832
447	0.001636672	178.8		1.636672085				5.424	7.824
448	0.001620464	179.2		1.620464409				5.416	7.816
449	0.001604347	179.6		1.604347066				5.408	7.808
450	0.001588324	180	180	1.58832427				5.4	7.8
451	0.0015724	180.4		1.572400259				5.392	7.792
452	0.001556579	180.8		1.556579326				5.384	7.784
453	0.001540866	181.2		1.540865839				5.376	7.776
454	0.001525264	181.6		1.525264242				5.368	7.768
455	0.001509779	182	182	1.509779058				5.36	7.76
456	0.001494415	182.4		1.494414864				5.352	7.752
457	0.001479176	182.8		1.479176258				5.344	7.744
458	0.001464068	183.2		1.464067824				5.336	7.736
459	0.001449094	183.6		1.449094068				5.328	7.728
460	0.001434259	184	184	1.434259357				5.32	7.72
461	0.001419568	184.4		1.419567839				5.312	7.712
462	0.001405023	184.8		1.405023369				5.304	7.704
463	0.001390629	185.2		1.390629412				5.296	7.696
464	0.001376389	185.6		1.376388958				5.288	7.688
465	0.001362304	186	186	1.362304428				5.28	7.68
466	0.001348378	186.4		1.348377585				5.272	7.672
467	0.001334609	186.8		1.334609446				5.264	7.664
468	0.001321	187.2		1.321000204				5.256	7.656
469	0.001307549	187.6		1.30754916				5.248	7.648
470	0.001294255	188	188	1.29425466				5.24	7.64
471	0.001281114	188.4		1.281114055				5.232	7.632
472	0.001268124	188.8		1.26812367				5.224	7.624
473	0.001255279	189.2		1.25527879				5.216	7.616
474	0.001242574	189.6		1.242573667				5.208	7.608
475	0.001230002	190	190	1.230001548				5.2	7.6
476	0.001217555	190.4		1.217554717				5.192	7.592
477	0.001205225	190.8		1.205224558				5.184	7.584
478	0.001193002	191.2		1.193001642				5.176	7.576
479	0.001180876	191.6		1.180875826				5.168	7.568
480	0.001168836	192	192	1.168836373				5.16	7.56
481	0.001156872	192.4		1.156872083				5.152	7.552
482	0.001144971	192.8		1.144971444				5.144	7.544
483	0.001133123	193.2		1.133122789				5.136	7.536
484	0.001121314	193.6		1.121314457				5.128	7.528
485	0.001109535	194	194	1.109534974				5.12	7.52
486	0.001097773	194.4		1.097773216				5.112	7.512
487	0.001086019	194.8		1.086018592				5.104	7.504
488	0.001074261	195.2		1.074261206				5.096	7.496
489	0.001062492	195.6		1.062492026				5.088	7.488
490	0.001050703	196	196	1.050703032				5.08	7.48
491	0.001038887	196.4		1.038887361				5.072	7.472
492	0.001027039	196.8		1.027039427				5.064	7.464
493	0.001015155	197.2		1.015155036				5.056	7.456
494	0.001003231	197.6		1.003231471				5.048	7.448
495	0.000991268	198	198	0.991267562				5.04	7.44
496	0.000979264	198.4		0.979263735				5.032	7.432
497	0.000967222	198.8		0.967222032				5.024	7.424
498	0.000955146	199.2		0.955146116				5.016	7.416
499	0.000943041	199.6		0.943041252				5.008	7.408
500	0.000930914	200	200	0.93091426				5	7.4
501	0.000918773	200.4		0.918773453				4.992	7.392
502	0.000906629	200.8		0.906628555				4.984	7.384
503	0.000894491	201.2		0.894490598				4.976	7.376
504	0.000882372	201.6		0.882371803				4.968	7.368
505	0.000870285	202	202	0.870285451				4.96	7.36
506	0.000858246	202.4		0.858245739				4.952	7.352
507	0.000846268	202.8		0.84626763				4.944	7.344
508	0.000834367	203.2		0.834366692				4.936	7.336
509	0.000822559	203.6		0.822558939				4.928	7.328
510	0.000810861	204	204	0.810860669				4.92	7.32
511	0.000799288	204.4		0.799288304				4.912	7.312
512	0.000787858	204.8		0.787858233				4.904	7.304
513	0.000776587	205.2		0.776586664				4.896	7.296
514	0.000765489	205.6		0.765489481				4.888	7.288
515	0.000754582	206	206	0.754582117				4.88	7.28
516	0.000743879	206.4		0.743879432				4.872	7.272
517	0.000733396	206.8		0.733395607				4.864	7.264
518	0.000723144	207.2		0.723144055				4.856	7.256
519	0.000713137	207.6		0.71313734				4.848	7.248
520	0.000703387	208	208	0.703387116				4.84	7.24
521	0.000693904	208.4		0.693904075				4.832	7.232
522	0.000684698	208.8		0.684697914				4.824	7.224
523	0.000675777	209.2		0.67577731				4.816	7.216
524	0.00066715	209.6		0.66714991				4.808	7.208
525	0.000658822	210	210	0.658822331				4.8	7.2
526	0.0006508	210.4		0.650800169				4.792	7.192
527	0.000643088	210.8		0.643088014				4.784	7.184
528	0.000635689	211.2		0.635689475				4.776	7.176
529	0.000628607	211.6		0.628607203				4.768	7.168
530	0.000621843	212	212	0.621842924				4.76	7.16
531	0.000615397	212.4		0.615397466				4.752	7.152
532	0.000609271	212.8		0.609270792				4.744	7.144
533	0.000603462	213.2		0.603462024				4.736	7.136
534	0.000597969	213.6		0.597969472				4.728	7.128
535	0.000592791	214	214	0.592790651				4.72	7.12
536	0.000587922	214.4		0.587922301				4.712	7.112
537	0.00058336	214.8		0.583360395				4.704	7.104
538	0.0005791	215.2		0.579100149				4.696	7.096
539	0.000575136	215.6		0.575136021				4.688	7.088
540	0.000571462	216	216	0.571461708				4.68	7.08
541	0.00056807	216.4		0.56807014				4.672	7.072
542	0.000564953	216.8		0.564953471				4.664	7.064
543	0.000562103	217.2		0.562103066				4.656	7.056
544	0.000559509	217.6		0.559509489				4.648	7.048
545	0.000557162	218	218	0.557162497				4.64	7.04
546	0.000555051	218.4		0.555051026				4.632	7.032
547	0.000553163	218.8		0.553163194				4.624	7.024
548	0.000551486	219.2		0.551486298				4.616	7.016
549	0.000550007	219.6		0.550006829				4.608	7.008
550	0.00054871	220	220	0.548710488				4.6	7
551	0.000547582	220.4		0.547582214				4.592	6.992
552	0.000546606	220.8		0.546606229				4.584	6.984
553	0.000545766	221.2		0.545766085				4.576	6.976
554	0.000545045	221.6		0.545044734				4.568	6.968
555	0.000544425	222	222	0.544424599				4.56	6.96
556	0.000543888	222.4		0.543887668				4.552	6.952
557	0.000543416	222.8		0.543415594				4.544	6.944
558	0.00054299	223.2		0.54298981				4.536	6.936
559	0.000542592	223.6		0.542591647				4.528	6.928
560	0.000542202	224	224	0.542202469				4.52	6.92
561	0.000541804	224.4		0.54180381				4.512	6.912
562	0.000541378	224.8		0.541377517				4.504	6.904
563	0.000540906	225.2		0.540905893				4.496	6.896
564	0.000540372	225.6		0.540371845				4.488	6.888
565	0.000539759	226	226	0.539759026				4.48	6.88
566	0.000539052	226.4		0.539051975				4.472	6.872
567	0.000538236	226.8		0.538236246				4.464	6.864
568	0.000537299	227.2		0.537298534				4.456	6.856
569	0.000536227	227.6		0.53622678				4.448	6.848
570	0.00053501	228	228	0.535010274				4.44	6.84
571	0.00053364	228.4		0.533639732				4.432	6.832
572	0.000532107	228.8		0.532107363				4.424	6.824
573	0.000530407	229.2		0.530406916				4.416	6.816
574	0.000528534	229.6		0.528533705				4.408	6.808
575	0.000526485	230	230	0.52648462				4.4	6.8
576	0.000524258	230.4		0.524258119				4.392	6.792
577	0.000521854	230.8		0.521854193				4.384	6.784
578	0.000519274	231.2		0.519274324				4.376	6.776
579	0.000516521	231.6		0.516521417				4.368	6.768
580	0.0005136	232	232	0.513599724				4.36	6.76
581	0.000510515	232.4		0.510514748				4.352	6.752
582	0.000507273	232.8		0.507273136				4.344	6.744
583	0.000503883	233.2		0.503882568				4.336	6.736
584	0.000500352	233.6		0.500351632				4.328	6.728
585	0.00049669	234	234	0.496689694				4.32	6.72
586	0.000492907	234.4		0.492906773				4.312	6.712
587	0.000489013	234.8		0.489013405				4.304	6.704
588	0.000485021	235.2		0.485020517				4.296	6.696
589	0.000480939	235.6		0.480939302				4.288	6.688
590	0.000476781	236	236	0.476781098				4.28	6.68
591	0.000472557	236.4		0.47255728				4.272	6.672
592	0.000468279	236.8		0.468279159				4.264	6.664
593	0.000463958	237.2		0.463957886				4.256	6.656
594	0.000459604	237.6		0.459604377				4.248	6.648
595	0.000455229	238	238	0.455229241				4.24	6.64
596	0.000450843	238.4		0.450842729				4.232	6.632
597	0.000446455	238.8		0.446454683				4.224	6.624
598	0.000442075	239.2		0.442074509				4.216	6.616
599	0.000437711	239.6		0.437711152				4.208	6.608
600	0.000433373	240	240	0.433373087				4.2	6.6
601	0.000429068	240.4		0.429068313				4.192	6.592
602	0.000424804	240.8		0.424804359				4.184	6.584
603	0.000420588	241.2		0.420588295				4.176	6.576
604	0.000416427	241.6		0.416426747				4.168	6.568
605	0.000412326	242	242	0.412325914				4.16	6.56
606	0.000408292	242.4		0.408291589				4.152	6.552
607	0.000404329	242.8		0.404329174				4.144	6.544
608	0.000400444	243.2		0.400443704				4.136	6.536
609	0.00039664	243.6		0.396639859				4.128	6.528
610	0.000392922	244	244	0.392921971				4.12	6.52
611	0.000389294	244.4		0.389294036				4.112	6.512
612	0.00038576	244.8		0.38575971				4.104	6.504
613	0.000382322	245.2		0.382322306				4.096	6.496
614	0.000378985	245.6		0.37898478				4.088	6.488
615	0.00037575	246	246	0.375749713				4.08	6.48
616	0.000372619	246.4		0.372619288				4.072	6.472
617	0.000369595	246.8		0.369595259				4.064	6.464
618	0.000366679	247.2		0.366678921				4.056	6.456
619	0.000363871	247.6		0.363871065				4.048	6.448
620	0.000361172	248	248	0.361171946				4.04	6.44
621	0.000358581	248.4		0.358581236				4.032	6.432
622	0.000356098	248.8		0.356097986				4.024	6.424
623	0.000353721	249.2		0.353720585				4.016	6.416
624	0.000351447	249.6		0.351446725				4.008	6.408
625	0.000349273	250	250	0.349273369				4	6.4
626	0.000347197	250.4		0.347196724				3.992	6.392
627	0.000345212	250.8		0.345212224				3.984	6.384
628	0.000343315	251.2		0.34331452				3.976	6.376
629	0.000341497	251.6		0.34149748				3.968	6.368
630	0.000339754	252	252	0.339754195				3.96	6.36
631	0.000338077	252.4		0.338077005				3.952	6.352
632	0.000336458	252.8		0.336457527				3.944	6.344
633	0.000334887	253.2		0.334886702				3.936	6.336
634	0.000333355	253.6		0.333354843				3.928	6.328
635	0.000331852	254	254	0.331851709				3.92	6.32
636	0.000330367	254.4		0.330366571				3.912	6.312
637	0.000328888	254.8		0.328888307				3.904	6.304
638	0.000327405	255.2		0.327405484				3.896	6.296
639	0.000325906	255.6		0.325906469				3.888	6.288
640	0.00032438	256	256	0.324379526				3.88	6.28
641	0.000322813	256.4		0.32281293				3.872	6.272
642	0.000321195	256.8		0.32119508				3.864	6.264
643	0.000319515	257.2		0.319514607				3.856	6.256
644	0.00031776	257.6		0.31776049				3.848	6.248
645	0.000315922	258	258	0.315922161				3.84	6.24
646	0.00031399	258.4		0.313989614				3.832	6.232
647	0.000311953	258.8		0.311953498				3.824	6.224
648	0.000309805	259.2		0.309805211				3.816	6.216
649	0.000307537	259.6		0.30753698				3.808	6.208
650	0.000305142	260	260	0.305141935				3.8	6.2
651	0.000302614	260.4		0.302614167				3.792	6.192
652	0.000299949	260.8		0.299948782				3.784	6.184
653	0.000297142	261.2		0.297141932				3.776	6.176
654	0.000294191	261.6		0.294190849				3.768	6.168
655	0.000291094	262	262	0.291093848				3.76	6.16
656	0.00028785	262.4		0.287850339				3.752	6.152
657	0.000284461	262.8		0.284460805				3.744	6.144
658	0.000280927	263.2		0.280926789				3.736	6.136
659	0.000277251	263.6		0.277250859				3.728	6.128
660	0.000273437	264	264	0.273436564				3.72	6.12
661	0.000269488	264.4		0.26948839				3.712	6.112
662	0.000265412	264.8		0.265411696				3.704	6.104
663	0.000261213	265.2		0.261212661				3.696	6.096
664	0.000256898	265.6		0.256898207				3.688	6.088
665	0.000252476	266	266	0.252475934				3.68	6.08
666	0.000247954	266.4		0.247954046				3.672	6.072
667	0.000243341	266.8		0.243341278				3.664	6.064
668	0.000238647	267.2		0.238646819				3.656	6.056
669	0.00023388	267.6		0.233880243				3.648	6.048
670	0.000229051	268	268	0.229051437				3.64	6.04
671	0.000224171	268.4		0.224170531				3.632	6.032
672	0.000219248	268.8		0.219247834				3.624	6.024
673	0.000214294	269.2		0.214293776				3.616	6.016
674	0.000209319	269.6		0.209318846				3.608	6.008
675	0.000204334	270	270	0.20433354				3.6	6
676	0.000199348	270.4		0.199348316				3.592	5.992
677	0.000194374	270.8		0.194373543				3.584	5.984
678	0.000189419	271.2		0.189419465				3.576	5.976
679	0.000184496	271.6		0.184496162				3.568	5.968
680	0.000179614	272	272	0.179613515				3.56	5.96
681	0.000174781	272.4		0.174781173				3.552	5.952
682	0.000170009	272.8		0.170008528				3.544	5.944
683	0.000165305	273.2		0.165304682				3.536	5.936
684	0.000160678	273.6		0.160678424				3.528	5.928
685	0.000156138	274	274	0.156138202				3.52	5.92
686	0.000151692	274.4		0.151692098				3.512	5.912
687	0.000147348	274.8		0.147347805				3.504	5.904
688	0.000143113	275.2		0.143112596				3.496	5.896
689	0.000138993	275.6		0.138993298				3.488	5.888
690	0.000134996	276	276	0.13499627				3.48	5.88
691	0.000131127	276.4		0.131127369				3.472	5.872
692	0.000127392	276.8		0.127391923				3.464	5.864
693	0.000123795	277.2		0.123794702				3.456	5.856
694	0.00012034	277.6		0.120339889				3.448	5.848
695	0.000117031	278	278	0.117031051				3.44	5.84
696	0.000113871	278.4		0.113871107				3.432	5.832
697	0.000110862	278.8		0.110862308				3.424	5.824
698	0.000108006	279.2		0.108006202				3.416	5.816
699	0.000105304	279.6		0.105303621				3.408	5.808
700	0.000102755	280	280	0.102754653				3.4	5.8
701	0.000100359	280.4		0.10035863				3.392	5.792
702	9.81E-05	280.8		0.098114115				3.384	5.784
703	9.60E-05	281.2		0.096018898				3.376	5.776
704	9.41E-05	281.6		0.09406999				3.368	5.768
705	9.23E-05	282	282	0.092263634				3.36	5.76
706	9.06E-05	282.4		0.090595313				3.352	5.752
707	8.91E-05	282.8		0.089059771				3.344	5.744
708	8.77E-05	283.2		0.08765104				3.336	5.736
709	8.64E-05	283.6		0.086362472				3.328	5.728
710	8.52E-05	284	284	0.085186782				3.32	5.72
711	8.41E-05	284.4		0.084116095				3.312	5.712
712	8.31E-05	284.8		0.083142004				3.304	5.704
713	8.23E-05	285.2		0.082255632				3.296	5.696
714	8.14E-05	285.6		0.081447699				3.288	5.688
715	8.07E-05	286	286	0.080708601				3.28	5.68
716	8.00E-05	286.4		0.080028486				3.272	5.672
717	7.94E-05	286.8		0.079397341				3.264	5.664
718	7.88E-05	287.2		0.078805074				3.256	5.656
719	7.82E-05	287.6		0.07824161				3.248	5.648
720	7.77E-05	288	288	0.077696978				3.24	5.64
721	7.72E-05	288.4		0.077161402				3.232	5.632
722	7.66E-05	288.8		0.07662539				3.224	5.624
723	7.61E-05	289.2		0.076079823				3.216	5.616
724	7.55E-05	289.6		0.075516037				3.208	5.608
725	7.49E-05	290	290	0.074925903				3.2	5.6
726	7.43E-05	290.4		0.074301903				3.192	5.592
727	7.36E-05	290.8		0.073637193				3.184	5.584
728	7.29E-05	291.2		0.072925667				3.176	5.576
729	7.22E-05	291.6		0.072162005				3.168	5.568
730	7.13E-05	292	292	0.071341718				3.16	5.56
731	7.05E-05	292.4		0.070461181				3.152	5.552
732	6.95E-05	292.8		0.069517653				3.144	5.544
733	6.85E-05	293.2		0.068509295				3.136	5.536
734	6.74E-05	293.6		0.067435166				3.128	5.528
735	6.63E-05	294	294	0.066295221				3.12	5.52
736	6.51E-05	294.4		0.065090291				3.112	5.512
737	6.38E-05	294.8		0.063822051				3.104	5.504
738	6.25E-05	295.2		0.062492991				3.096	5.496
739	6.11E-05	295.6		0.061106361				3.088	5.488
740	5.97E-05	296	296	0.059666125				3.08	5.48
741	5.82E-05	296.4		0.058176895				3.072	5.472
742	5.66E-05	296.8		0.056643864				3.064	5.464
743	5.51E-05	297.2		0.055072737				3.056	5.456
744	5.35E-05	297.6		0.053469652				3.048	5.448
745	5.18E-05	298	298	0.051841098				3.04	5.44
746	5.02E-05	298.4		0.050193839				3.032	5.432
747	4.85E-05	298.8		0.048534829				3.024	5.424
748	4.69E-05	299.2		0.04687113				3.016	5.416
749	4.52E-05	299.6		0.045209835				3.008	5.408
750	4.36E-05	300	300	0.043557986				3	5.4
751	4.19E-05	300.4		0.041922504				2.992	5.392
752	4.03E-05	300.8		0.040310121				2.984	5.384
753	3.87E-05	301.2		0.038727311				2.976	5.376
754	3.72E-05	301.6		0.037180234				2.968	5.368
755	3.57E-05	302	302	0.035674688				2.96	5.36
756	3.42E-05	302.4		0.034216059				2.952	5.352
757	3.28E-05	302.8		0.032809286				2.944	5.344
758	3.15E-05	303.2		0.031458832				2.936	5.336
759	3.02E-05	303.6		0.030168657				2.928	5.328
760	2.89E-05	304	304	0.028942209				2.92	5.32
761	2.78E-05	304.4		0.027782411				2.912	5.312
762	2.67E-05	304.8		0.02669166				2.904	5.304
763	2.57E-05	305.2		0.025671835				2.896	5.296
764	2.47E-05	305.6		0.024724306				2.888	5.288
765	2.38E-05	306	306	0.02384995				2.88	5.28
766	2.30E-05	306.4		0.023049173				2.872	5.272
767	2.23E-05	306.8		0.022321934				2.864	5.264
768	2.17E-05	307.2		0.021667777				2.856	5.256
769	2.11E-05	307.6		0.021085856				2.848	5.248
770	2.06E-05	308	308	0.020574973				2.84	5.24
771	2.01E-05	308.4		0.020133609				2.832	5.232
772	1.98E-05	308.8		0.019759961				2.824	5.224
773	1.95E-05	309.2		0.019451972				2.816	5.216
774	1.92E-05	309.6		0.019207367				2.808	5.208
775	1.90E-05	310	310	0.019023686				2.8	5.2
776	1.89E-05	310.4		0.018898311				2.792	5.192
777	1.88E-05	310.8		0.018828493				2.784	5.184
778	1.88E-05	311.2		0.018811381				2.776	5.176
779	1.88E-05	311.6		0.01884404				2.768	5.168
780	1.89E-05	312	312	0.018923475				2.76	5.16
781	1.90E-05	312.4		0.019046639				2.752	5.152
782	1.92E-05	312.8		0.019210456				2.744	5.144
783	1.94E-05	313.2		0.019411825				2.736	5.136
784	1.96E-05	313.6		0.019647629				2.728	5.128
785	1.99E-05	314	314	0.019914741				2.72	5.12
786	2.02E-05	314.4		0.020210029				2.712	5.112
787	2.05E-05	314.8		0.020530353				2.704	5.104
788	2.09E-05	315.2		0.020872569				2.696	5.096
789	2.12E-05	315.6		0.021233529				2.688	5.088
790	2.16E-05	316	316	0.021610075				2.68	5.08
791	2.20E-05	316.4		0.021999046				2.672	5.072
792	2.24E-05	316.8		0.022397267				2.664	5.064
793	2.28E-05	317.2		0.02280156				2.656	5.056
794	2.32E-05	317.6		0.023208738				2.648	5.048
795	2.36E-05	318	318	0.02361561				2.64	5.04
796	2.40E-05	318.4		0.024018989				2.632	5.032
797	2.44E-05	318.8		0.024415693				2.624	5.024
798	2.48E-05	319.2		0.024802558				2.616	5.016
799	2.52E-05	319.6		0.02517645				2.608	5.008
800	2.55E-05	320	320	0.025534274				2.6	5
801	2.59E-05	320.4		0.025872994				2.592	4.992
802	2.62E-05	320.8		0.02618965				2.584	4.984
803	2.65E-05	321.2		0.026481374				2.576	4.976
804	2.67E-05	321.6		0.026745415				2.568	4.968
805	2.70E-05	322	322	0.026979159				2.56	4.96
806	2.72E-05	322.4		0.027180155				2.552	4.952
807	2.73E-05	322.8		0.027346133				2.544	4.944
808	2.75E-05	323.2		0.027475033				2.536	4.936
809	2.76E-05	323.6		0.027565025				2.528	4.928
810	2.76E-05	324	324	0.027614532				2.52	4.92
811	2.76E-05	324.4		0.027622249				2.512	4.912
812	2.76E-05	324.8		0.027587166				2.504	4.904
813	2.75E-05	325.2		0.027508578				2.496	4.896
814	2.74E-05	325.6		0.027386104				2.488	4.888
815	2.72E-05	326	326	0.027219694				2.48	4.88
816	2.70E-05	326.4		0.027009639				2.472	4.872
817	2.68E-05	326.8		0.026756572				2.464	4.864
818	2.65E-05	327.2		0.026461471				2.456	4.856
819	2.61E-05	327.6		0.02612565				2.448	4.848
820	2.58E-05	328	328	0.025750756				2.44	4.84
821	2.53E-05	328.4		0.025338755				2.432	4.832
822	2.49E-05	328.8		0.024891915				2.424	4.824
823	2.44E-05	329.2		0.02441279				2.416	4.816
824	2.39E-05	329.6		0.023904195				2.408	4.808
825	2.34E-05	330	330	0.023369178				2.4	4.8
826	2.28E-05	330.4		0.022810997				2.392	4.792
827	2.22E-05	330.8		0.022233085				2.384	4.784
828	2.16E-05	331.2		0.021639019				2.376	4.776
829	2.10E-05	331.6		0.021032485				2.368	4.768
830	2.04E-05	332	332	0.020417243				2.36	4.76
831	1.98E-05	332.4		0.019797092				2.352	4.752
832	1.92E-05	332.8		0.019175831				2.344	4.744
833	1.86E-05	333.2		0.018557231				2.336	4.736
834	1.79E-05	333.6		0.017944992				2.328	4.728
835	1.73E-05	334	334	0.017342716				2.32	4.72
836	1.68E-05	334.4		0.016753875				2.312	4.712
837	1.62E-05	334.8		0.016181778				2.304	4.704
838	1.56E-05	335.2		0.015629551				2.296	4.696
839	1.51E-05	335.6		0.015100108				2.288	4.688
840	1.46E-05	336	336	0.014596133				2.28	4.68
841	1.41E-05	336.4		0.014120062				2.272	4.672
842	1.37E-05	336.8		0.01367407				2.264	4.664
843	1.33E-05	337.2		0.013260056				2.256	4.656
844	1.29E-05	337.6		0.012879642				2.248	4.648
845	1.25E-05	338	338	0.012534166				2.24	4.64
846	1.22E-05	338.4		0.01222468				2.232	4.632
847	1.20E-05	338.8		0.011951955				2.224	4.624
848	1.17E-05	339.2		0.011716487				2.216	4.616
849	1.15E-05	339.6		0.011518505				2.208	4.608
850	1.14E-05	340	340	0.011357979				2.2	4.6
851	1.12E-05	340.4		0.011234639				2.192	4.592
852	1.11E-05	340.8		0.011147985				2.184	4.584
853	1.11E-05	341.2		0.011097309				2.176	4.576
854	1.11E-05	341.6		0.011081706				2.168	4.568
855	1.11E-05	342	342	0.011100102				2.16	4.56
856	1.12E-05	342.4		0.011151266				2.152	4.552
857	1.12E-05	342.8		0.011233833				2.144	4.544
858	1.13E-05	343.2		0.011346324				2.136	4.536
859	1.15E-05	343.6		0.011487165				2.128	4.528
860	1.17E-05	344	344	0.011654704				2.12	4.52
861	1.18E-05	344.4		0.011847229				2.112	4.512
862	1.21E-05	344.8		0.012062985				2.104	4.504
863	1.23E-05	345.2		0.012300189				2.096	4.496
864	1.26E-05	345.6		0.012557038				2.088	4.488
865	1.28E-05	346	346	0.012831727				2.08	4.48
866	1.31E-05	346.4		0.013122454				2.072	4.472
867	1.34E-05	346.8		0.013427426				2.064	4.464
868	1.37E-05	347.2		0.013744869				2.056	4.456
869	1.41E-05	347.6		0.014073025				2.048	4.448
870	1.44E-05	348	348	0.014410162				2.04	4.44
871	1.48E-05	348.4		0.014754565				2.032	4.432
872	1.51E-05	348.8		0.015104541				2.024	4.424
873	1.55E-05	349.2		0.015458415				2.016	4.416
874	1.58E-05	349.6		0.015814525				2.008	4.408
875	1.62E-05	350	350	0.016171222				2	4.4
876	1.65E-05	350.4		0.016526861				1.992	4.392
877	1.69E-05	350.8		0.0168798				1.984	4.384
878	1.72E-05	351.2		0.017228396				1.976	4.376
879	1.76E-05	351.6		0.017571				1.968	4.368
880	1.79E-05	352	352	0.017905955				1.96	4.36
881	1.82E-05	352.4		0.018231599				1.952	4.352
882	1.85E-05	352.8		0.018546258				1.944	4.344
883	1.88E-05	353.2		0.018848256				1.936	4.336
884	1.91E-05	353.6		0.019135913				1.928	4.328
885	1.94E-05	354	354	0.019407551				1.92	4.32
886	1.97E-05	354.4		0.019661507				1.912	4.312
887	1.99E-05	354.8		0.019896137				1.904	4.304
888	2.01E-05	355.2		0.02010983				1.896	4.296
889	2.03E-05	355.6		0.02030102				1.888	4.288
890	2.05E-05	356	356	0.020468205				1.88	4.28
891	2.06E-05	356.4		0.020609958				1.872	4.272
892	2.07E-05	356.8		0.020724948				1.864	4.264
893	2.08E-05	357.2		0.02081196				1.856	4.256
894	2.09E-05	357.6		0.020869909				1.848	4.248
895	2.09E-05	358	358	0.020897864				1.84	4.24
896	2.09E-05	358.4		0.020895065				1.832	4.232
897	2.09E-05	358.8		0.020860941				1.824	4.224
898	2.08E-05	359.2		0.020795129				1.816	4.216
899	2.07E-05	359.6		0.020697488				1.808	4.208
900	2.06E-05	360	360	0.020568117				1.8	4.2
901	2.04E-05	360.4		0.020407362				1.792	4.192
902	2.02E-05	360.8		0.02021583				1.784	4.184
903	2.00E-05	361.2		0.019994395				1.776	4.176
904	1.97E-05	361.6		0.019744202				1.768	4.168
905	1.95E-05	362	362	0.01946667				1.76	4.16
906	1.92E-05	362.4		0.019163487				1.752	4.152
907	1.88E-05	362.8		0.018836611				1.744	4.144
908	1.85E-05	363.2		0.018488255				1.736	4.136
909	1.81E-05	363.6		0.018120882				1.728	4.128
910	1.77E-05	364	364	0.017737189				1.72	4.12
911	1.73E-05	364.4		0.017340086				1.712	4.112
912	1.69E-05	364.8		0.016932686				1.704	4.104
913	1.65E-05	365.2		0.016518274				1.696	4.096
914	1.61E-05	365.6		0.016100286				1.688	4.088
915	1.57E-05	366	366	0.015682287				1.68	4.08
916	1.53E-05	366.4		0.015267936				1.672	4.072
917	1.49E-05	366.8		0.014860966				1.664	4.064
918	1.45E-05	367.2		0.014465147				1.656	4.056
919	1.41E-05	367.6		0.014084258				1.648	4.048
920	1.37E-05	368	368	0.01372206				1.64	4.04
921	1.34E-05	368.4		0.01338226				1.632	4.032
922	1.31E-05	368.8		0.013068482				1.624	4.024
923	1.28E-05	369.2		0.01278424				1.616	4.016
924	1.25E-05	369.6		0.012532905				1.608	4.008
925	1.23E-05	370	370	0.012317678				1.6	4
926	1.21E-05	370.4		0.01214156				1.592	3.992
927	1.20E-05	370.8		0.012007332				1.584	3.984
928	1.19E-05	371.2		0.011917523				1.576	3.976
929	1.19E-05	371.6		0.01187439				1.568	3.968
930	1.19E-05	372	372	0.011879898				1.56	3.96
931	1.19E-05	372.4		0.011935697				1.552	3.952
932	1.20E-05	372.8		0.012043105				1.544	3.944
933	1.22E-05	373.2		0.012203091				1.536	3.936
934	1.24E-05	373.6		0.012416262				1.528	3.928
935	1.27E-05	374	374	0.012682852				1.52	3.92
936	1.30E-05	374.4		0.01300271				1.512	3.912
937	1.34E-05	374.8		0.013375292				1.504	3.904
938	1.38E-05	375.2		0.01379966				1.496	3.896
939	1.43E-05	375.6		0.014274477				1.488	3.888
940	1.48E-05	376	376	0.014798005				1.48	3.88
941	1.54E-05	376.4		0.015368114				1.472	3.872
942	1.60E-05	376.8		0.015982284				1.464	3.864
943	1.66E-05	377.2		0.016637612				1.456	3.856
944	1.73E-05	377.6		0.017330832				1.448	3.848
945	1.81E-05	378	378	0.018058324				1.44	3.84
946	1.88E-05	378.4		0.018816132				1.432	3.832
947	1.96E-05	378.8		0.019599992				1.424	3.824
948	2.04E-05	379.2		0.020405351				1.416	3.816
949	2.12E-05	379.6		0.0212274				1.408	3.808
950	2.21E-05	380	380	0.022061103				1.4	3.8
951	2.29E-05	380.4		0.02290123				1.392	3.792
952	2.37E-05	380.8		0.023742399				1.384	3.784
953	2.46E-05	381.2		0.024579111				1.376	3.776
954	2.54E-05	381.6		0.025405795				1.368	3.768
955	2.62E-05	382	382	0.026216851				1.36	3.76
956	2.70E-05	382.4		0.027006693				1.352	3.752
957	2.78E-05	382.8		0.027769798				1.344	3.744
958	2.85E-05	383.2		0.028500754				1.336	3.736
959	2.92E-05	383.6		0.029194304				1.328	3.728
960	2.98E-05	384	384	0.029845392				1.32	3.72
961	3.04E-05	384.4		0.030449212				1.312	3.712
962	3.10E-05	384.8		0.031001248				1.304	3.704
963	3.15E-05	385.2		0.03149732				1.296	3.696
964	3.19E-05	385.6		0.031933616				1.288	3.688
965	3.23E-05	386	386	0.032306735				1.28	3.68
966	3.26E-05	386.4		0.032613714				1.272	3.672
967	3.29E-05	386.8		0.032852054				1.264	3.664
968	3.30E-05	387.2		0.033019751				1.256	3.656
969	3.31E-05	387.6		0.033115303				1.248	3.648
970	3.31E-05	388	388	0.033137731				1.24	3.64
971	3.31E-05	388.4		0.033086583				1.232	3.632
972	3.30E-05	388.8		0.032961933				1.224	3.624
973	3.28E-05	389.2		0.032764383				1.216	3.616
974	3.25E-05	389.6		0.032495046				1.208	3.608
975	3.22E-05	390	390	0.032155537				1.2	3.6
976	3.17E-05	390.4		0.031747949				1.192	3.592
977	3.13E-05	390.8		0.031274828				1.184	3.584
978	3.07E-05	391.2		0.030739144				1.176	3.576
979	3.01E-05	391.6		0.030144257				1.168	3.568
980	2.95E-05	392	392	0.029493877				1.16	3.56
981	2.88E-05	392.4		0.028792026				1.152	3.552
982	2.80E-05	392.8		0.028042992				1.144	3.544
983	2.73E-05	393.2		0.027251286				1.136	3.536
984	2.64E-05	393.6		0.026421593				1.128	3.528
985	2.56E-05	394	394	0.025558726				1.12	3.52
986	2.47E-05	394.4		0.024667578				1.112	3.512
987	2.38E-05	394.8		0.023753075				1.104	3.504
988	2.28E-05	395.2		0.022820132				1.096	3.496
989	2.19E-05	395.6		0.021873608				1.088	3.488
990	2.09E-05	396	396	0.020918264				1.08	3.48
991	2.00E-05	396.4		0.019958725				1.072	3.472
992	1.90E-05	396.8		0.018999445				1.064	3.464
993	1.80E-05	397.2		0.018044672				1.056	3.456
994	1.71E-05	397.6		0.017098424				1.048	3.448
995	1.62E-05	398	398	0.016164459				1.04	3.44
996	1.52E-05	398.4		0.015246261				1.032	3.432
997	1.43E-05	398.8		0.014347016				1.024	3.424
998	1.35E-05	399.2		0.013469608				1.016	3.416
999	1.26E-05	399.6		0.012616604				1.008	3.408
1000	1.18E-05	400	400	0.011790255				1	3.4
