county	$mu_d$	$hat(sigma_d)$	$r_d$	$mu_s$	$hat(sigma_s)$	$r_s$	ratio	$pval_{mu}$	$pval_{sigma}$
brant	156.0460744	13.2568778	0.655279846	156.5262493	12.04978465	0.346083973	0.52814683	0.788956511	0.160019624
bruce	148.1784767	8.681268628	0.00485426	151.0336315	7.440649929	1.65E-07	3.40E-05	0.013353914	0.104097395
chatham-kent	168.1376306	12.91077937	0.774750495	170.8046376	9.19394566	0.093020963	0.120065703	0.094183119	0.000835633
dufferin	146.0415363	18.12013655	0.302375588	145.6043841	16.71757646	0.165398552	0.546997043	0.85944312	0.456837152
elgin	162.8967145	11.07221627	0.312019724	163.7970034	10.79125898	0.208681749	0.668809481	0.561031962	0.834168814
essex	161.1116137	14.71081154	0.191030626	162.5825228	12.94392368	0.095287357	0.498806705	0.45375929	0.119209894
grey	143.1421129	9.920128365	0.002879686	145.1110257	6.534214498	2.67E-10	9.26E-08	0.099247255	3.60E-05
haldimand-norfolk	154.4033713	13.67120148	0.120329399	155.3145893	14.70522648	0.139626646	1.160370179	0.650452211	0.820920278
halton	144.5137315	16.37361895	0.056850914	143.8921857	18.4452091	0.054267872	0.954564622	0.801303371	0.143050385
hamilton	154.2894634	12.15464006	0.026351007	155.4414197	11.5078668	0.029934544	1.135992395	0.492121372	0.346789342
hastings	140.8693033	20.16761309	0.213314004	145.0682475	17.0583654	0.082402459	0.386296529	0.113554794	0.044866228
huron	160.0015017	9.522146543	0.029666057	160.6315042	7.27772472	0.000752631	0.025370115	0.599749135	0.019269298
kawartha lakes	142.2732893	16.41814346	0.096627761	145.6519694	16.5665187	0.072013474	0.745266924	0.149033875	0.877917213
lambton	156.0530118	16.07893282	0.316849338	159.0131417	13.10905203	0.131103668	0.413772896	0.15525557	0.052415041
lanark	139.4822183	21.00845228	0.398077647	140.8704095	21.32326674	0.392082425	0.984939565	0.643334533	0.980411582
leeds-grenville	140.7063613	16.20408593	0.173369842	141.4609384	16.29044376	0.152305177	0.878498675	0.742954199	0.696393656
lennox-addington	136.0229631	17.32008833	0.081683015	139.6047925	16.58812757	0.024852097	0.304250484	0.136893428	0.612895027
middlesex	159.5339482	11.85818751	0.098167796	161.6813092	11.04966462	0.053646393	0.546476493	0.18675682	0.504607977
niagara	145.8811554	12.33507047	0.007830113	147.5735524	14.50165977	0.031579011	4.033021355	0.375136817	0.212617108
northumberland	148.6515267	15.65122183	0.04818772	151.6413152	12.87976564	0.008179966	0.169752078	0.141852993	0.179143544
ottawa	149.9831362	14.0124618	0.11800676	151.2176113	16.72169855	0.169802858	1.438924837	0.572161517	0.091663994
oxford	163.1926516	12.48849941	0.090053349	164.9962504	9.38346147	0.029690781	0.329702133	0.249750442	0.001816083
peel	148.8297904	18.54720586	0.052826815	147.7928051	15.50204307	0.020210144	0.382573585	0.668409442	0.308704416
perth	161.2453392	10.83564694	0.030072078	162.5738645	7.961594993	0.000601898	0.020015184	0.324448453	0.00105506
prescott-russell	148.8418416	14.92701639	0.113425051	148.1672055	14.62953857	0.124837974	1.100620836	0.747201386	0.960236114
prince edward	140.2718433	18.99071253	0.063550945	142.20919	15.1901888	0.016000278	0.251770894	0.426651141	0.098531152
renfrew	136.2492727	13.8920976	0.030981266	139.9855897	15.09087577	0.035566281	1.147993125	0.070040398	0.597549068
simcoe	145.6090443	14.37308569	0.06569186	149.6068017	9.869510398	0.003720612	0.056637337	0.023041019	0.002492817
stormont-dundas-glengarry	151.6909599	15.83218263	0.165641625	151.0850147	13.07980107	0.1183108	0.714257665	0.768267691	0.032207634
waterloo	153.2699224	10.42822219	0.0009379	154.4113957	7.717929665	5.41E-08	5.77E-05	0.380101779	0.000146926
wellington	151.4598554	9.425410424	0.00081787	152.8482662	8.197985387	3.61E-09	4.41E-06	0.267745399	0.105556235
york	147.2643344	12.9218499	0.016824531	148.0622206	9.647669711	1.52E-05	0.000903203	0.621349098	0.00254371
