county	$mu_d$	$hat(sigma_d)$	$r_d$	$mu_s$	$hat(sigma_s)$	$r_s$	ratio	$pval_{mu}$	$pval_{sigma}$
brant	158.68322	16.14269851	2.461208617	154.176648	13.81593791	3.292214048	1.3376412	0.035198774	0.105659731
bruce	154.592556	11.14606484	1.362491159	157.5045308	8.607964978	0.386758887	0.283861576	0.040049913	0.013627943
chatham-kent	168.2386841	13.97640506	0.53127063	160.7652778	9.645313991	0.477042216	0.897926949	1.87E-05	0.00191773
dufferin	157.2511041	22.9803426	1.932473603	156.7419696	15.07676502	1.050627434	0.543669747	0.853257837	0.000586228
elgin	174.563968	14.37463188	0.208686633	166.4785833	10.68758279	0.348888408	1.671829203	1.14E-05	0.014190103
essex	155.983712	14.42578943	0.256921578	147.536018	12.03967821	0.415254423	1.61626916	1.20E-05	0.043015363
grey	151.166805	13.7704676	0.540149788	152.6990527	8.405824541	0.13251532	0.24533069	0.343642833	1.70E-05
haldimand-norfolk	162.5683133	15.49237484	0.173104349	155.9863089	14.35852941	0.430931912	2.48943434	0.002107018	0.730657737
halton	150.4268213	20.21141586	0.675826139	149.7220805	18.54941966	0.699482817	1.035004088	0.797530001	0.671862434
hamilton	153.3350056	15.69604297	0.340989068	151.6626827	11.83509243	0.224454574	0.658245659	0.396035427	0.006243567
hastings	142.7610738	19.97214596	0.759603256	145.4890349	19.34815683	0.591603789	0.778832613	0.327777056	0.635794172
huron	160.7359769	11.65908143	0.130285489	161.2974798	8.981935374	0.086511726	0.664016594	0.703255641	0.054523199
kawartha lakes	151.7488454	20.53410814	0.555838511	152.4790913	17.62726047	0.443723	0.798294813	0.787571979	0.193572197
lambton	151.5866007	15.81539812	0.234502149	148.8864129	13.12038037	0.259769157	1.107747444	0.190415385	0.096735482
lanark	146.4154084	21.50019829	0.361661928	141.903423	20.99951043	0.476636561	1.317906377	0.134872686	0.82508875
leeds-grenville	147.4563186	18.11065656	0.300278336	146.2324167	13.77807202	0.222740471	0.741780022	0.591334978	0.07419878
lennox-addington	136.7339887	16.21608987	0.364320375	138.786405	15.23760593	0.232824309	0.639064749	0.357469627	0.248496807
middlesex	163.7263991	13.38131119	0.090994513	158.9959311	11.30112593	0.113936804	1.252128286	0.007533532	0.024007751
niagara	152.3936509	15.32570578	0.132437197	148.5774284	14.7202578	0.183892325	1.388524738	0.074042679	0.528720603
northumberland	153.5341085	17.38270669	0.266681033	154.7530961	14.49653604	0.180521742	0.676920064	0.590815265	0.115194689
ottawa	152.2841443	16.88593646	0.166196184	148.5980928	15.0751743	0.195850435	1.17842919	0.105052403	0.543758865
oxford	173.3297311	14.12225737	0.044305869	167.8571471	8.709291129	0.032322252	0.729525292	0.001191588	9.08E-05
peel	151.8868614	21.67018716	0.310126691	151.4948236	15.86305247	0.187652322	0.605082785	0.884100126	0.011124195
perth	167.3843264	11.82946763	0.069848747	166.5289144	8.246392725	0.024309247	0.348026966	0.553799868	0.000957315
prescott-russell	150.6571809	14.79100185	0.084899639	146.9048575	13.89159431	0.126000473	1.484110823	0.065925807	0.475275026
prince edward	137.9803559	18.1651705	0.332016205	143.8548026	15.87276237	0.171896785	0.517736131	0.015784968	0.526978123
renfrew	139.2589005	16.6738662	0.193125513	138.9391297	13.03730649	0.123429629	0.639116125	0.880075892	0.01147535
simcoe	155.5399493	17.08034705	0.175423506	155.790569	11.36093599	0.071513988	0.407664801	0.902905025	7.55E-05
stormont-dundas-glengarry	153.8451064	14.48053141	0.101662367	151.4868377	12.78620328	0.080480152	0.791641533	0.223642368	0.178504298
waterloo	162.453925	13.31304429	0.04912267	159.7759675	7.921445641	0.017461994	0.355477296	0.085783008	6.16E-06
wellington	163.1921314	14.17860893	0.076738394	160.5824371	7.997585414	0.017007236	0.221626162	0.110923966	2.66E-07
york	156.4849066	16.78810653	0.120992137	154.1893317	10.40588241	0.053946635	0.445868936	0.246818909	8.76E-06
