"avg_yield" "avg_yield_ON" "avg_yield_LOW" "avg_yield_SO"
"1" 47.453125 48.9473684210526 45.2692307692308 50.6125
"2" 52.3625 53.3157894736842 50.9692307692308 54.4125
"3" 56.05 56.7789473684211 54.9846153846154 59.125
"4" 55.378125 57.0368421052632 52.9538461538462 58.9375
"5" 51.334375 52.7 49.3384615384615 55.6875
"6" 56.14375 58.0473684210526 53.3615384615385 60.7375
"7" 49.55625 51.5263157894737 46.6769230769231 56.775
"8" 56.353125 57.6315789473684 54.4846153846154 59.075
"9" 59.409375 60.4105263157895 57.9461538461538 61.4625
"10" 61.503125 63.3789473684211 58.7615384615385 63.7375
"11" 51.875 53.6473684210526 49.2846153846154 55.9125
"12" 67.253125 70.0473684210526 63.1692307692308 73.1875
"13" 69.94375 71.9052631578947 67.0769230769231 74.2125
"14" 66.365625 66.3842105263158 66.3384615384615 66
"15" 73.303125 76.9526315789474 67.9692307692308 81.3
"16" 73.271875 75.2736842105263 70.3461538461538 79.3625
"17" 72.49375 76.4631578947368 66.6923076923077 83.725
"18" 78.6 81.1473684210526 74.8769230769231 84.8375
"19" 81.16875 82.4263157894737 79.3307692307692 82.5375
"20" 76.096875 76.3421052631579 75.7384615384615 73.45
"21" 82.39375 83.6684210526316 80.5307692307692 86.1375
"22" 79.70625 81.6105263157895 76.9230769230769 80.375
"23" 66.49375 70.2263157894737 61.0384615384615 81.6375
"24" 79.471875 81.4526315789474 76.5769230769231 85.3
"25" 74.353125 76.4736842105263 71.2538461538462 79.925
"26" 82.1125 87.8052631578947 73.7923076923077 94.95
"27" 76.071875 79.7421052631579 70.7076923076923 83.375
"28" 82.684375 89.0842105263158 73.3307692307692 98
"29" 72.8625 77.6631578947368 65.8461538461538 78.625
"30" 83.453125 86.3052631578947 79.2846153846154 91.25
"31" 88.340625 90.7210526315789 84.8615384615385 98.875
"32" 86.715625 93.0894736842105 77.4 103.875
"33" 86.125 95.6315789473684 72.2307692307692 102.125
"34" 81.11875 89.7052631578947 68.5692307692308 99.625
"35" 87.365625 92.9631578947368 79.1846153846154 101.5
"36" 89.98125 100.305263157895 74.8923076923077 113.625
"37" 89.75 97.5157894736842 78.4 111
"38" 107.396875 116.784210526316 93.6769230769231 117.375
"39" 77.896875 83.3315789473684 69.9538461538462 86.25
"40" 91.89375 102.131578947368 76.9307692307692 114.625
"41" 100.44375 109.221052631579 87.6153846153846 118.375
"42" 102.25625 110.8 89.7692307692308 106.625
"43" 89.4 93.1421052631579 83.9307692307692 105
"44" 98.1375 105.336842105263 87.6153846153846 112.875
"45" 115.28125 119.768421052632 108.723076923077 124.25
"46" 110.16875 118.057894736842 98.6384615384615 114.625
"47" 106.21875 111.578947368421 98.3846153846154 114.625
"48" 101.7375 110.715789473684 88.6153846153846 122.125
"49" 121.78125 127.631578947368 113.230769230769 136.5
"50" 122.21875 127.052631578947 115.153846153846 124.5
"51" 97.28125 103.421052631579 88.3076923076923 117.375
"52" 91.971875 102.957894736842 75.9153846153846 101.575
"53" 108.11875 111.294736842105 103.476923076923 103.8875
"54" 122.875 125.894736842105 118.461538461538 132.25
"55" 124.0625 129.631578947368 115.923076923077 135.125
"56" 131.25 144.789473684211 111.461538461538 151
"57" 139.84375 148.052631578947 127.846153846154 156.625
"58" 122.6875 131.368421052632 110 135.125
"59" 148.90625 154.052631578947 141.384615384615 163.625
"60" 134.84375 142.947368421053 123 157
"61" 157.21875 162.947368421053 148.846153846154 165.875
"62" 146.96875 150.2 142.246153846154 159.5625
"63" 138.884375 151.189473684211 120.9 160.65
"64" 152.321875 159.021052631579 142.530769230769 168.0875
